           1  0.33333333333333331        1.4772116295183317E-002
           2  0.63111720304802155        1.6044622182096640E-007
           3  0.58353747944374212        3.3124441392890923E-008
           4  0.56421415366188599        2.7547164571858771E-008
           5  0.55055629601562162        2.4526392860981419E-008
           6  0.54410287638769161        2.2282198694233065E-008
           7  0.53852116481233248        2.0502045195164608E-008
           8  0.53219474125551336        1.9077084661840039E-008
           9  0.52549919360586295        1.7900766725328601E-008
          10  0.52165028852011053        1.6904496706616063E-008
          11  0.51911563947191808        1.6047128829198879E-008
          12  0.51634002811225199        1.5299767498082676E-008
          13  0.51340326214147003        1.4640943637009232E-008
          14  0.51038569706356107        1.4054649165951251E-008
          15  0.50735446314988919        1.3528744384651253E-008
          16  0.50462861536784742        1.3053807715648575E-008
          17  0.50269226166849545        1.2622370153524865E-008
          18  0.50069028908005597        1.2228412562042579E-008
          19  0.49865194885126130        1.1867021206225795E-008
          20  0.49667891176339868        1.1534136909194121E-008
          21  0.49513989816454212        1.1226367723624090E-008
          22  0.49360507999087361        1.0940850899155467E-008
          23  0.49208411018439369        1.0675150000974958E-008
          24  0.49059580141615944        1.0427175295986708E-008
          25  0.48951902389225049        1.0195122443903933E-008
          26  0.48843014185615191        9.9774238648522538E-009
          27  0.48733649911569493        9.7727102430148091E-009
          28  0.48624409013523490        9.5797798075992253E-009
          29  0.48515778428248724        9.3975730093193232E-009
          30  0.48408150532970451        9.2251518884754338E-009
          31  0.48301838293214278        9.0616829219010942E-009
          32  0.48197088432591179        8.9064231823718445E-009
          33  0.48094092584797377        8.7587076980051782E-009
          34  0.47992996601739851        8.6179400509249696E-009
          35  0.47893908380064010        8.4835833566341775E-009
          36  0.47796904461211032        8.3551529827269304E-009
          37  0.47719624810345218        8.2322105746300478E-009
          38  0.47644717228764599        8.1143581978043921E-009
          39  0.47570534398927816        8.0012342420335188E-009
          40  0.47497200205302076        7.8925085449317565E-009
          41  0.47424815862543379        7.7878798292341656E-009
          42  0.47357474261688892        7.6870720742535066E-009
          43  0.47300425367129234        7.5898319836616905E-009
          44  0.47244283247389846        7.4959269725159808E-009
          45  0.47189082292630313        7.4051427260515934E-009
          46  0.47134848236887428        7.3172813731805073E-009
          47  0.47081599427280491        7.2321604156918938E-009
          48  0.47029347919946096        7.1496108735095785E-009
          49  0.46978100425884828        7.0694762976822399E-009
          50  0.46927859126887461        6.9916116515782475E-009
          51  0.46878622379057105        6.9158822534925056E-009
          52  0.46830385319137124        6.8421627655955284E-009
          53  0.46783140386822109        6.7703368324562001E-009
          54  0.46736877774464830        6.7002960176020747E-009
          55  0.46691585814051034        6.6319394960665328E-009
          56  0.46647251309985133        6.5651731242403030E-009
          57  0.46603859825065830        6.4999088853009916E-009
          58  0.46564269860952079        6.4360650618331038E-009
          59  0.46527423623344538        6.3735649385200045E-009
          60  0.46491188394726884        6.3123370352442092E-009
          61  0.46455565407462895        6.2523144268506827E-009
          62  0.46420554220090321        6.1934346366493860E-009
          63  0.46386152938359582        6.1356388899880327E-009
          64  0.46352358410392447        6.0788724997941694E-009
          65  0.46319166398991762        6.0230841224567318E-009
          66  0.46286571733770765        5.9682253765686797E-009
          67  0.46254568445456035        5.9142510912471998E-009
          68  0.46223149884438663        5.8611191726785820E-009
          69  0.46192308825403383        5.8087897236461060E-009
          70  0.46162037559651531        5.7572253573443131E-009
          71  0.46132327976538418        5.7063910708272015E-009
          72  0.46103171635279488        5.6562538043681350E-009
          73  0.46074559828235456        5.6067826688509196E-009
          74  0.46046483636651825        5.5579488163745095E-009
          75  0.46018933979714766        5.5097246084523591E-009
          76  0.45991901657688050        5.4620845856510601E-009
          77  0.45965377389801193        5.4150044899159030E-009
          78  0.45939351847486914        5.3684617242178586E-009
          79  0.45913815683490683        5.3224347604231259E-009
          80  0.45888759557324843        5.2769037680133962E-009
          81  0.45864174157470117        5.2318498882549554E-009
          82  0.45840050220698553        5.1872557043498277E-009
          83  0.45816378548837960        5.1431043732307102E-009
          84  0.45793150023263840        5.0993805933226908E-009
          85  0.45770355617378072        5.0560696366824275E-009
          86  0.45747986407295105        5.0131583268048299E-009
          87  0.45726033580940761        4.9706334943422361E-009
          88  0.45704488445741276        4.9284836965766368E-009
          89  0.45683342435060564        4.8866979195981229E-009
          90  0.45662587113527947        4.8452655595188595E-009
          91  0.45642214181382551        4.8041773939676777E-009
          92  0.45622215477944916        4.7634244979746175E-009
          93  0.45602582984317319        4.7229987145931269E-009
          94  0.45583308825400193        4.6828925137179866E-009
          95  0.45564938301439456        4.6430990674620308E-009
          96  0.45550090905025592        4.6036119482141011E-009
          97  0.45535525390484460        4.5644250892957421E-009
          98  0.45521235656002468        4.5255336259471806E-009
          99  0.45507215719368371        4.4869322326976826E-009
         100  0.45493459717524121        4.4486169316640579E-009
         101  0.45479986845895920        4.4105833875508409E-009
         102  0.45467392451713740        4.3728282291480551E-009
         103  0.45455014920950887        4.3353481319421209E-009
         104  0.45442850189332362        4.2981405381746466E-009
         105  0.45430894241103098        4.2612028174559124E-009
         106  0.45419143111184046        4.2245326443421414E-009
         107  0.45407592887003129        4.1881282267728209E-009
         108  0.45396239710037856        4.1519878937029296E-009
         109  0.45385079777086929        4.1163378199689345E-009
         110  0.45374109341306806        4.0832924535440014E-009
         111  0.45363324713027298        4.0504894040570698E-009
         112  0.45352722260367057        4.0179267657313893E-009
         113  0.45342298409678300        3.9856046168620269E-009
         114  0.45332049645821565        3.9535215870823405E-009
         115  0.45321972512299402        3.9216773728668084E-009
         116  0.45312063611260428        3.8900713593254680E-009
         117  0.45302319603379820        3.8587031153306723E-009
         118  0.45292737207642231        3.8275723414686095E-009
         119  0.45283313201024589        3.7966790683928195E-009
         120  0.45274044418097753        3.7660229001830032E-009
         121  0.45264927750553469        3.7356038005624867E-009
         122  0.45255960146668650        3.7054215240205171E-009
         123  0.45247138610710103        3.6754764517321910E-009
         124  0.45238460202290703        3.6457681651507887E-009
         125  0.45229922035686737        3.6162967859883275E-009
         126  0.45221521279115978        3.5870625757785116E-009
         127  0.45213255153988891        3.5580651425844263E-009
         128  0.45205120934135784        3.5293047067659809E-009
         129  0.45197115945015770        3.5007811119630110E-009
         130  0.45189237562910606        3.4724942195693744E-009
         131  0.45181483214111390        3.4444443677596665E-009
         132  0.45173850374097180        3.4166307116708532E-009
         133  0.45166336566713766        3.3890535688753594E-009
         134  0.45158939363352557        3.3617125395588109E-009
         135  0.45151656382131644        3.3346072342942633E-009
         136  0.45144485287086783        3.3077377114724356E-009
         137  0.45137423787366587        3.2811031171130958E-009
         138  0.45130469636439513        3.2547032110414812E-009
         139  0.45123620631313377        3.2285373513709155E-009
         140  0.45116874611763513        3.2026049380191867E-009
         141  0.45110229459577561        3.1769056248176143E-009
         142  0.45103683097809527        3.1514380409381878E-009
         143  0.45097233490054928        3.1262020924221629E-009
         144  0.45090878639729864        3.1011966179960245E-009
         145  0.45084616589371496        3.0764206411641128E-009
         146  0.45078445419947438        3.0518730420729825E-009
         147  0.45072363250178560        3.0275532525850252E-009
         148  0.45066368235873555        3.0034597856839271E-009
         149  0.45060458569274958        2.9795916243097527E-009
         150  0.45054632478412565        2.9559474657427434E-009
         151  0.45048888226468198        2.9325259809535294E-009
         152  0.45043224111148683        2.9093258392035347E-009
         153  0.45037638464062096        2.8863457715619387E-009
         154  0.45032129650102015        2.8635842184422182E-009
         155  0.45026696066836175        2.8410394106133044E-009
         156  0.45021336143900925        2.8187102445446063E-009
         157  0.45016048342391440        2.7965946433111785E-009
         158  0.45010831154260900        2.7746915483394318E-009
         159  0.45005683101717403        2.7529987379630732E-009
         160  0.45000602736621331        2.7315148277959272E-009
         161  0.44995588639881767        2.7102380753218148E-009
         162  0.44990639420855461        2.6891665789660894E-009
         163  0.44985753716739602        2.6682984017814264E-009
         164  0.44980930191966961        2.6476319505077062E-009
         165  0.44976167537601131        2.6271650498597646E-009
         166  0.44971464470724043        2.6068964453254260E-009
         167  0.44966819733829516        2.5868235675659424E-009
         168  0.44962232094210913        2.5669450900432400E-009
         169  0.44957700343350815        2.5472584192656511E-009
         170  0.44953223296309647        2.5277625015571310E-009
         171  0.44948799791113470        2.5084546931316110E-009
         172  0.44944428688142990        2.4893333410926375E-009
         173  0.44940108869527728        2.4709730307128434E-009
         174  0.44935839238537262        2.4580395197986384E-009
         175  0.44931618718976135        2.4452328210115902E-009
         176  0.44927446254584602        2.4325522522290087E-009
         177  0.44923320808443734        2.4199958579885673E-009
         178  0.44919241362381673        2.4075628673412034E-009
         179  0.44915206916388078        2.3952512737092744E-009
         180  0.44911216488038896        2.3830598160310723E-009
         181  0.44907269111920106        2.3709876369369553E-009
         182  0.44903363839065680        2.3590332161220807E-009
         183  0.44899499736399984        2.3471950145500801E-009
         184  0.44895675886194092        2.3354718887534710E-009
         185  0.44891891385526678        2.3238628681055327E-009
         186  0.44888145345754105        2.3123654177691648E-009
         187  0.44884436892001628        2.3009793527124438E-009
         188  0.44880765162647873        2.2897032560780883E-009
         189  0.44877129308840008        2.2785363449953496E-009
         190  0.44873528494004233        2.2674764821627726E-009
         191  0.44869961893379606        2.2565224267568699E-009
         192  0.44866428693560384        2.2456734449400183E-009
         193  0.44862928092046495        2.2349285382105705E-009
         194  0.44859459296816634        2.2242857736712422E-009
         195  0.44856021525904555        2.2137448569815447E-009
         196  0.44852614006999036        2.2033039124346124E-009
         197  0.44849235977044311        2.1929622608705029E-009
         198  0.44845886681867903        2.1834228373051536E-009
         199  0.44842565375811577        2.1806636313514721E-009
         200  0.44839271321387592        2.1779331219354252E-009
         201  0.44836003788931655        2.1752306358035685E-009
         202  0.44832762056290421        2.1725559011529820E-009
         203  0.44829545408514160        2.1699085473954220E-009
         204  0.44826353137557934        2.1672881745895655E-009
         205  0.44823184542010480        2.1646939916632849E-009
         206  0.44820038926827221        2.1621258326543445E-009
         207  0.44816915603089658        2.1595835229285851E-009
         208  0.44813813887767168        2.1570664899979310E-009
         209  0.44810733103505718        2.1545737840302343E-009
         210  0.44807672578426017        2.1557402775478345E-009
         211  0.44804631645941667        2.1624813883132691E-009
         212  0.44801609644586804        2.1692028128302227E-009
         213  0.44798605917868123        2.1759046470302588E-009
         214  0.44795619814127913        2.1825865199942617E-009
         215  0.44792650686425750        2.1892489445498589E-009
         216  0.44789697892434110        2.1958911700903339E-009
         217  0.44786760794351210        2.2025165041268798E-009
         218  0.44783838758832240        2.2091217924477145E-009
         219  0.44780931156936110        2.2157083526193637E-009
         220  0.44778037364085166        2.2222765807821960E-009
         221  0.44775156760037221        2.2288245277033358E-009
         222  0.44772288728893156        2.2353551097917593E-009
         223  0.44769432659089381        2.2418645184112530E-009
         224  0.44766587943431679        2.2483560219807455E-009
         225  0.44763753979128679        2.2548275434670299E-009
         226  0.44760930167844409        2.2612815275732103E-009
         227  0.44758115915760671        2.2677123005439574E-009
         228  0.44755310633663481        2.2741275948142976E-009
         229  0.44752513737022709        2.2805191728058596E-009
         230  0.44749724646104194        2.2868914518564499E-009
         231  0.44746942786073268        2.2932429659959822E-009
         232  0.44744167587125527        2.2995743853528787E-009
         233  0.44741398484617328        2.3058833155581210E-009
         234  0.44738634919200648        2.3121728310058825E-009
         235  0.44735876336979380        2.3184383812996454E-009
         236  0.44733122189656854        2.3246838190332450E-009
         237  0.44730371934704055        2.3309078055727521E-009
         238  0.44727625035514834        2.3371089816098573E-009
         239  0.44724880961581048        2.3432830536802406E-009
         240  0.44722139188660298        2.3494381265271784E-009
         241  0.44719399198952414        2.3555684014444289E-009
         242  0.44716660481266840        2.3616738244319475E-009
         243  0.44713922531196404        2.3677576747744016E-009
         244  0.44711184851293129        2.3738147452622088E-009
         245  0.44708446951233877        2.3798468928423115E-009
         246  0.44705708347986212        2.3858568373137862E-009
         247  0.44702968565966567        2.3918370334697692E-009
         248  0.44700227137203025        2.3977952018156749E-009
         249  0.44697483601485472        2.4037261531362891E-009
         250  0.44694737506499388        2.4096290189314616E-009
         251  0.44691988407977512        2.4155065763003538E-009
         252  0.44689235869817517        2.4213576242078448E-009
         253  0.44686479464206252        2.4271814484425297E-009
         254  0.44683718771729353        2.4329764091553989E-009
         255  0.44680953381474864        2.4387446362345152E-009
         256  0.44678182891120222        2.4444842443031227E-009
         257  0.44675406907019433        2.4501954803526405E-009
         258  0.44672625044264902        2.4558792169388128E-009
         259  0.44669836926754525        2.4615341101591655E-009
         260  0.44667042187231887        2.4671587585129839E-009
         261  0.44664240467330657        2.4727542600497352E-009
         262  0.44661431417592490        2.4783192874349097E-009
         263  0.44658614697489379        2.4838556504729839E-009
         264  0.44655789975415078        2.4893613905493451E-009
         265  0.44652956928689541        2.4948399658691238E-009
         266  0.44650115243528704        2.5002852728314869E-009
         267  0.44647264615024634        2.5057019184689631E-009
         268  0.44644404747091726        2.5110846748535446E-009
         269  0.44641535352431594        2.5164391767431638E-009
         270  0.44638656152464329        2.5217650565085810E-009
         271  0.44635766877256239        2.5270575243275574E-009
         272  0.44632867265448462        2.5323168549030420E-009
         273  0.44629957064163212        2.5375460028790784E-009
         274  0.44627036028917771        2.5427470833816392E-009
         275  0.44624103923509784        2.5479123383648097E-009
         276  0.44621160519917841        2.5530485952190768E-009
         277  0.44618205598179889        2.5581532854390004E-009
         278  0.44615238946274760        2.5632247205389393E-009
         279  0.44612260359993344        2.5682651945924345E-009
         280  0.44609269642803639        2.5732728687451677E-009
         281  0.44606266605722150        2.5782525631939794E-009
         282  0.44603251067162003        2.5831956124597820E-009
         283  0.44600222852804372        2.5881093961951560E-009
         284  0.44597181795439489        2.5929905010944930E-009
         285  0.44594127734827771        2.5978401679526406E-009
         286  0.44591060517542264        2.6026554159725660E-009
         287  0.44587979996823779        2.6074411859753775E-009
         288  0.44584886032429982        2.6121950897144109E-009
         289  0.44581778490479007        2.6169164055616409E-009
         290  0.44578657243301678        2.6216050041581956E-009
         291  0.44575529720792967        2.6262643100616692E-009
         292  0.44573123443952029        2.6308903580499492E-009
         293  0.44570700936985186        2.6354819590192208E-009
         294  0.44568262111835300        2.6400467317343830E-009
         295  0.44565806885580045        2.6445773692064241E-009
         296  0.44563335180292646        2.6490763913837730E-009
         297  0.44560846922908026        2.6535446867768865E-009
         298  0.44558342045097066        2.6579824489836150E-009
         299  0.44555820483125835        2.6623861500321119E-009
         300  0.44553282177736386        2.6667606112288310E-009
         301  0.44550727074024449        2.6711037641938539E-009
         302  0.44548155121320410        2.6754159921740138E-009
         303  0.44545566273067372        2.6796977328718923E-009
         304  0.44542960486714878        2.6839463691386413E-009
         305  0.44540337723610113        2.6881656664541457E-009
         306  0.44537697948889371        2.6923554378020011E-009
         307  0.44535041131380998        2.6965144915830336E-009
         308  0.44532367243505150        2.7006415685811231E-009
         309  0.44529676261181389        2.7047419211730366E-009
         310  0.44526968163737068        2.7088082237231790E-009
         311  0.44524242933824365        2.7128466172204180E-009
         312  0.44521500557332983        2.7168539021943069E-009
         313  0.44518741023312930        2.7208330697773745E-009
         314  0.44515964323895679        2.7247828278530471E-009
         315  0.44513170454228007        2.7287020066654364E-009
         316  0.44510359412392603        2.7325925138530182E-009
         317  0.44507531199351646        2.7364545004129680E-009
         318  0.44504685818871076        2.7402868427984329E-009
         319  0.44501823277470554        2.7440895277567354E-009
         320  0.44498943584359335        2.7478660760768824E-009
         321  0.44496046751383028        2.7516135896898551E-009
         322  0.44493132792963869        2.7553302998705809E-009
         323  0.44490201726058048        2.7590222498959007E-009
         324  0.44487253570101787        2.7626835493665622E-009
         325  0.44484288346964834        2.7663191901069155E-009
         326  0.44481306080908717        2.7699270475313242E-009
         327  0.44478306798531392        2.7735054603151053E-009
         328  0.44475290528741679        2.7770595047588989E-009
         329  0.44472257302708657        2.7805862008313900E-009
         330  0.44469207153824758        2.7840840040137390E-009
         331  0.44466140117664688        2.7875556431801338E-009
         332  0.44463056231957931        2.7910006320269363E-009
         333  0.44459955536540791        2.7944209378220479E-009
         334  0.44456838073328486        2.7978103931491731E-009
         335  0.44453703886285778        2.8011819664486526E-009
         336  0.44450553021381761        2.8045204738603899E-009
         337  0.44447385526566674        2.8078374269026454E-009
         338  0.44444201451734683        2.8111277149631684E-009
         339  0.44441000848696788        2.8143922556175040E-009
         340  0.44437783771147449        2.8176310560772908E-009
         341  0.44434550274631757        2.8208459562810493E-009
         342  0.44431300416519814        2.8240366672719599E-009
         343  0.44428034255970217        2.8272019900833561E-009
         344  0.44424751853906913        2.8303432622886818E-009
         345  0.44421453272986533        2.8334616367167189E-009
         346  0.44418138577567051        2.8365530784040503E-009
         347  0.44414807833682907        2.8396227557424324E-009
         348  0.44411461109009515        2.8426687293736994E-009
         349  0.44408098472838203        2.8456890896671539E-009
         350  0.44404719996046921        2.8486897298375858E-009
         351  0.44401325751074017        2.8516648173177643E-009
         352  0.44397915811879296        2.8546170537108043E-009
         353  0.44394490253926344        2.8575484977489188E-009
         354  0.44391049154144535        2.8604560214292191E-009
         355  0.44387592590908292        2.8633429479838298E-009
         356  0.44384120644001118        2.8662041352231119E-009
         357  0.44380633394589519        2.8690444440235101E-009
         358  0.44377130925195818        2.8718630244281194E-009
         359  0.44373613319665461        2.8746623556972942E-009
         360  0.44370080663144507        2.8774376062466831E-009
         361  0.44366533042041822        2.8801929978968655E-009
         362  0.44362970544008640        2.8829264017863823E-009
         363  0.44359393257903862        2.8856389471151845E-009
         364  0.44355801273773782        2.8883298831698293E-009
         365  0.44352194682814533        2.8910021798731405E-009
         366  0.44348573577347217        2.8936490806381155E-009
         367  0.44344938050796584        2.8962821696499713E-009
         368  0.44341288197647427        2.8988920049765406E-009
         369  0.44337624113435203        2.9014804277116969E-009
         370  0.44333945894705235        2.9040527473882965E-009
         371  0.44330253638991968        2.9066052651439018E-009
         372  0.44326547444785031        2.9091325606469707E-009
         373  0.44322827411512428        2.9116476416486431E-009
         374  0.44319093639505797        2.9141385821723553E-009
         375  0.44315346229976182        2.9166127412166360E-009
         376  0.44311585284984623        2.9190671291685335E-009
         377  0.44307810907424344        2.9215042985635285E-009
         378  0.44304023200987719        2.9239201559285561E-009
         379  0.44300222270142425        2.9263210908176903E-009
         380  0.44296408220107231        2.9287008593580538E-009
         381  0.44292581156825162        2.9310643546336720E-009
         382  0.44288741186944430        2.9334091214416202E-009
         383  0.44284888417785206        2.9357362690206709E-009
         384  0.44281022957323385        2.9380465017922220E-009
         385  0.44277144914164118        2.9403394273225209E-009
         386  0.44273254397520234        2.9426146661323371E-009
         387  0.44269351517181865        2.9448716561543235E-009
         388  0.44265436383507045        2.9471136748079809E-009
         389  0.44261509107387925        2.9493366413206563E-009
         390  0.44257569800236884        2.9515454000635105E-009
         391  0.44253618573956566        2.9537338737072841E-009
         392  0.44249655540927857        2.9559056161752189E-009
         393  0.44245680813986371        2.9580685341285484E-009
         394  0.44241694506395529        2.9602080422020218E-009
         395  0.44237696731836151        2.9623328266626092E-009
         396  0.44233687604384408        2.9644434976433889E-009
         397  0.44229667238488835        2.9665375145486569E-009
         398  0.44225635748953801        2.9686159916011274E-009
         399  0.44221593250926872        2.9706783056759303E-009
         400  0.44217539859868249        2.9727259531109774E-009
         401  0.44213475691549442        2.9747599076807555E-009
         402  0.44209400862019871        2.9767738009765213E-009
         403  0.44205315487605457        2.9787757533811672E-009
         404  0.44201219684882320        2.9807652785639502E-009
         405  0.44197113570664698        2.9827379441081837E-009
         406  0.44192997261989597        2.9846935280404134E-009
         407  0.44188870876105207        2.9866367148695779E-009
         408  0.44184734530445929        2.9885667934590019E-009
         409  0.44180588342631893        2.9904800119982182E-009
         410  0.44176432430448626        2.9923814529254678E-009
         411  0.44172266911831615        2.9942692329815770E-009
         412  0.44168091904861712        2.9961414884348698E-009
         413  0.44163907527742774        2.9980006650201366E-009
         414  0.44159713898799557        2.9998455609975250E-009
         415  0.44155511136459480        3.0016777438387734E-009
         416  0.44151299359244373        3.0034955064184331E-009
         417  0.44147078685760194        3.0053017249537673E-009
         418  0.44142849234687209        3.0070928076896545E-009
         419  0.44138611124764887        3.0088708210747778E-009
         420  0.44134364474792770        3.0106360209147814E-009
         421  0.44130109403612811        3.0123883209512181E-009
         422  0.44125846030101468        3.0141311099884211E-009
         423  0.44121574473166980        3.0158575266749646E-009
         424  0.44117294851735794        3.0175718970198686E-009
         425  0.44113007284746630        3.0192742772288512E-009
         426  0.44108711891144192        3.0209630292333660E-009
         427  0.44104408789869637        3.0226395121841744E-009
         428  0.44100098099855689        3.0243057146673029E-009
         429  0.44095779940023788        3.0259597367353347E-009
         430  0.44091454429267934        3.0276004531219400E-009
         431  0.44087121686456687        3.0292314030577272E-009
         432  0.44082781830427209        3.0308485079757173E-009
         433  0.44078434979973824        3.0324548572659550E-009
         434  0.44074081253852987        3.0340475876623112E-009
         435  0.44069720770765453        3.0356313619625758E-009
         436  0.44065353649359779        3.0372035298836662E-009
         437  0.44060980008226436        3.0387639903999627E-009
         438  0.44056599965888943        3.0403130226308442E-009
         439  0.44052213640805687        3.0418513803712595E-009
         440  0.44047821151357380        3.0433778172037562E-009
         441  0.44043422615849792        3.0448948051194519E-009
         442  0.44039018152505643        3.0463983920591266E-009
         443  0.44034607879460969        3.0478957215310449E-009
         444  0.44030191914763450        3.0493782210213737E-009
         445  0.44025770376361772        3.0508510830656963E-009
         446  0.44021343382107075        3.0523131458431291E-009
         447  0.44016911049746787        3.0537646990558807E-009
         448  0.44012473496917509        3.0552055411439910E-009
         449  0.44008030841149387        3.0566403602738868E-009
         450  0.44003583199847546        3.0580610206890275E-009
         451  0.43999130690299576        3.0594682044305066E-009
         452  0.43994673429670078        3.0608742134711190E-009
         453  0.43990211534985213        3.0622658630806611E-009
         454  0.43985745123140313        3.0636455404317592E-009
         455  0.43981274310890001        3.0650167706485349E-009
         456  0.43976799214841494        3.0663784159336532E-009
         457  0.43972319951447775        3.0677318373674163E-009
         458  0.43967836637011376        3.0690726040120568E-009
         459  0.43963349387668144        3.0704091566813372E-009
         460  0.43958858319387439        3.0717329774306750E-009
         461  0.43954363547964365        3.0730478706407900E-009
         462  0.43949865189013509        3.0743504019996570E-009
         463  0.43945363357964246        3.0756485296969116E-009
         464  0.43940858170046204        3.0769344383560612E-009
         465  0.43936349740300290        3.0782130863199377E-009
         466  0.43931838183551769        3.0794819890731943E-009
         467  0.43927323614410357        3.0807432887875656E-009
         468  0.43922806147271637        3.0819940101903677E-009
         469  0.43918285896292064        3.0832376658645523E-009
         470  0.43913762975396742        3.0844708267886619E-009
         471  0.43909237498253756        3.0856926072186496E-009
         472  0.43904709578292300        3.0869109723101500E-009
         473  0.43900179328661465        3.0881219672697206E-009
         474  0.43895646862246362        3.0893192557877782E-009
         475  0.43891112291640749        3.0905116222702242E-009
         476  0.43886575729148170        3.0916912792553836E-009
         477  0.43882037286774239        3.0928690971778546E-009
         478  0.43877497076198158        3.0940348819469889E-009
         479  0.43872955208782061        3.0951936292750182E-009
         480  0.43868411795547574        3.0963430813922332E-009
         481  0.43863866947167113        3.0974853735484155E-009
         482  0.43859320773954530        3.0986192224293575E-009
         483  0.43854773385848089        3.0997492332176683E-009
         484  0.43850224892398015        3.1008670545733697E-009
         485  0.43845675402753675        3.1019772290697832E-009
         486  0.43841125025658151        3.1030802158953281E-009
         487  0.43836573869418027        3.1041750050716350E-009
         488  0.43832022041898960        3.1052630982966397E-009
         489  0.43827469650511425        3.1063455362943137E-009
         490  0.43822916802191725        3.1074171722891814E-009
         491  0.43818363603385690        3.1084832099553095E-009
         492  0.43813810160034938        3.1095422133770349E-009
         493  0.43809256577558670        3.1105922142158065E-009
         494  0.43804702960833758        3.1116368292311583E-009
         495  0.43800149414185513        3.1126741588432860E-009
         496  0.43795596041357787        3.1137037797847436E-009
         497  0.43791042945499908        3.1147260682008401E-009
         498  0.43786490229155889        3.1157435058659237E-009
         499  0.43781937994226688        3.1167496789923077E-009
         500  0.43777386341968227        3.1177540737221970E-009
         501  0.43772835372959473        3.1187489102409301E-009
         502  0.43768285187084871        3.1197362407026622E-009
         503  0.43763735883517535        3.1207173758265047E-009
         504  0.43759187560690188        3.1216911843000067E-009
         505  0.43754640316276011        3.1226569372445407E-009
         506  0.43750094247170246        3.1236208835525015E-009
         507  0.43745549449462251        3.1245739031574655E-009
         508  0.43741006018418932        3.1255235654863568E-009
         509  0.43736464048445950        3.1264641205424102E-009
         510  0.43731923633088859        3.1274025875097826E-009
         511  0.43727384864986846        3.1283303381009095E-009
         512  0.43722847835859957        3.1292513434315583E-009
         513  0.43718312636484713        3.1301677339471394E-009
         514  0.43713779356662974        3.1310789136684949E-009
         515  0.43709248085205760        3.1319811866690035E-009
         516  0.43704718909908941        3.1328789517771075E-009
         517  0.43700191917514852        3.1337720592102767E-009
         518  0.43695667193705517        3.1346584937026409E-009
         519  0.43691144823070721        3.1355369944710689E-009
         520  0.43686624889084835        3.1364114813350132E-009
         521  0.43682107474076975        3.1372787761743394E-009
         522  0.43677592659218062        3.1381415500566248E-009
         523  0.43673080524488556        3.1389948625385378E-009
         524  0.43668571148661001        3.1398451568574065E-009
         525  0.43664064609274150        3.1406912879432708E-009
         526  0.43659560982610796        3.1415282099259964E-009
         527  0.43655060343680407        3.1423623758108953E-009
         528  0.43650562766190176        3.1431894715117835E-009
         529  0.43646068322535492        3.1440112405172339E-009
         530  0.43641577083771144        3.1448263563516282E-009
         531  0.43637089119599337        3.1456391204261495E-009
         532  0.43632604498343958        3.1464417043471028E-009
         533  0.43628123286943749        3.1472429546655026E-009
         534  0.43623645550928525        3.1480365417751847E-009
         535  0.43619171354408159        3.1488242318906159E-009
         536  0.43614700760061614        3.1496075003687016E-009
         537  0.43610233829114686        3.1503865332856395E-009
         538  0.43605770621339973        3.1511596724067230E-009
         539  0.43601311195042836        3.1519288541271965E-009
         540  0.43596855607051221        3.1526906149428912E-009
         541  0.43592403912709710        3.1534451081481358E-009
         542  0.43587956165882402        3.1541982806240337E-009
         543  0.43583512418929510        3.1549436704765088E-009
         544  0.43579072722726381        3.1556871188617063E-009
         545  0.43574637126648436        3.1564215583010385E-009
         546  0.43570205678579677        3.1571540427934106E-009
         547  0.43565778424914986        3.1578811963094405E-009
         548  0.43561355410558267        3.1586008956492373E-009
         549  0.43556936678937608        3.1593192683050458E-009
         550  0.43552522272003830        3.1600299815858076E-009
         551  0.43548112230247787        3.1607350211247925E-009
         552  0.43543706592713538        3.1614406744746729E-009
         553  0.43539305397001393        3.1621359015875854E-009
         554  0.43534908679291145        3.1628296544006896E-009
         555  0.43530516474364717        3.1635159852315891E-009
         556  0.43526128815605308        3.1641970462927471E-009
         557  0.43521745735043094        3.1648768422864814E-009
         558  0.43517367263360202        3.1655486242185927E-009
         559  0.43512993429920510        3.1662197122968891E-009
         560  0.43508624262795381        3.1668819253638638E-009
         561  0.43504259788790189        3.1675425304726195E-009
         562  0.43499900033481437        3.1681945490034068E-009
         563  0.43495545021235865        3.1688466850159698E-009
         564  0.43491194775245867        3.1694902730905136E-009
         565  0.43486849317572235        3.1701314199127653E-009
         566  0.43482508669171799        3.1707667155754130E-009
         567  0.43478172849933777        3.1713985434495993E-009
         568  0.43473841878719188        3.1720264283329001E-009
         569  0.43469515773406148        3.1726505942011554E-009
         570  0.43465194550917291        3.1732651469705195E-009
         571  0.43460878227279021        3.1738814218747560E-009
         572  0.43456566817640013        3.1744921037577613E-009
         573  0.43452260336343951        3.1750975934389142E-009
         574  0.43447958796948249        3.1756972695755022E-009
         575  0.43443662212282957        3.1762957444669051E-009
         576  0.43439370594485338        3.1768864489965343E-009
         577  0.43435083955067105        3.1774747510374872E-009
         578  0.43430802304923433        3.1780584747383053E-009
         579  0.43426525654427617        3.1786389801780979E-009
         580  0.43422254013429679        3.1792122254867413E-009
         581  0.43417987391341056        3.1797840966606107E-009
         582  0.43413725797157904        3.1803495142853727E-009
         583  0.43409469239514159        3.1809143647588961E-009
         584  0.43405217726736289        3.1814755925284083E-009
         585  0.43400971266875238        3.1820271352876262E-009
         586  0.43396729867761774        3.1825788462963865E-009
         587  0.43392493537045002        3.1831216404114342E-009
         588  0.43388262282245071        3.1836652598940204E-009
         589  0.43384036110781754        3.1842016263774748E-009
         590  0.43379815030036500        3.1847373530918620E-009
         591  0.43375599047374774        3.1852649386812139E-009
         592  0.43371388170201891        3.1857951747958998E-009
         593  0.43367182405990623        3.1863143427920504E-009
         594  0.43362981762328034        3.1868352950885153E-009
         595  0.43358786246940134        3.1873467162687140E-009
         596  0.43354595867746659        3.1878594254658470E-009
         597  0.43350410632874137        3.1883655447297098E-009
         598  0.43346230550706472        3.1888665491207460E-009
         599  0.43342055629894372        3.1893645153214910E-009
         600  0.43337885879408733        3.1898601888547695E-009
         601  0.43333721308548767        3.1903506415632582E-009
         602  0.43329561926975574        3.1908376932836919E-009
         603  0.43325407744736361        3.1913209974355995E-009
         604  0.43321258772287929        3.1917992880926659E-009
         605  0.43317115020505781        3.1922776487807223E-009
         606  0.43312976500717543        3.1927495901381083E-009
         607  0.43308843224708449        3.1932172285698164E-009
         608  0.43304715204739630        3.1936810339843147E-009
         609  0.43300592453561071        3.1941415056329866E-009
         610  0.43296474984421174        3.1945992098437548E-009
         611  0.43292362811079832        3.1950528878121572E-009
         612  0.43288255947799342        3.1955022211673081E-009
         613  0.43284154409371606        3.1959510982749383E-009
         614  0.43280058211102962        3.1963919311665725E-009
         615  0.43275967368830864        3.1968311941266847E-009
         616  0.43271881898904047        3.1972672829985396E-009
         617  0.43267801818199353        3.1976996211847871E-009
         618  0.43263727144103981        3.1981289612199908E-009
         619  0.43259657894514902        3.1985553530181082E-009
         620  0.43255594087830757        3.1989741002676436E-009
         621  0.43251535742947345        3.1993963926516071E-009
         622  0.43247482879229554        3.1998118230437879E-009
         623  0.43243435516525419        3.2002226094168991E-009
         624  0.43239393675132942        3.2006299679899743E-009
         625  0.43235357375783229        3.2010337298849726E-009
         626  0.43231326639647422        3.2014360160300423E-009
         627  0.43227301488288444        3.2018358006750605E-009
         628  0.43223281943664765        3.2022299015274088E-009
         629  0.43219268028096003        3.2026194931405701E-009
         630  0.43215259764258762        3.2030096370022724E-009
         631  0.43211257175149781        3.2033947955685543E-009
         632  0.43207260284065779        3.2037776190953936E-009
         633  0.43203269114585890        3.2041550271492720E-009
         634  0.43199283690545898        3.2045315206091611E-009
         635  0.43195304036015414        3.2049047771970168E-009
         636  0.43191330175255477        3.2052742900347709E-009
         637  0.43187362132725471        3.2056380467652642E-009
         638  0.43183399933023431        3.2060013688103075E-009
         639  0.43179443600885703        3.2063618591191760E-009
         640  0.43175493161139883        3.2067206421992580E-009
         641  0.43171548638699569        3.2070727887812805E-009
         642  0.43167610058512046        3.2074247224937589E-009
         643  0.43163677445553633        3.2077721392522742E-009
         644  0.43159750824794285        3.2081165971349694E-009
         645  0.43155830221166241        3.2084576712125199E-009
         646  0.43151915659547418        3.2087981130375735E-009
         647  0.43148007164725943        3.2091332015280030E-009
         648  0.43144104761380886        3.2094693994079768E-009
         649  0.43140208474053277        3.2097995421797535E-009
         650  0.43136318327121842        3.2101243917613277E-009
         651  0.43132434344779180        3.2104525135057160E-009
         652  0.43128556551007086        3.2107720087497791E-009
         653  0.43124684969548854        3.2110903017457701E-009
         654  0.43120819623902695        3.2114064441589893E-009
         655  0.43116960537275728        3.2117199082929928E-009
         656  0.43113107732574579        3.2120305197860485E-009
         657  0.43109261232392626        3.2123391977857945E-009
         658  0.43105421058974952        3.2126467906922894E-009
         659  0.43101587234206373        3.2129482792999959E-009
         660  0.43097759779597400        3.2132474165374645E-009
         661  0.43093938716255231        3.2135421279075050E-009
         662  0.43090124064878332        3.2138376617482314E-009
         663  0.43086315845738593        3.2141299911074643E-009
         664  0.43082514078655815        3.2144184113113897E-009
         665  0.43078718782998793        3.2147063626436153E-009
         666  0.43074929977663245        3.2149891195005522E-009
         667  0.43071147681063576        3.2152705986896032E-009
         668  0.43067371911118513        3.2155486762112787E-009
         669  0.43063602685242397        3.2158271801920204E-009
         670  0.43059840020339002        3.2161005211782997E-009
         671  0.43056083932784939        3.2163742815424497E-009
         672  0.43052334438431233        3.2166405394173014E-009
         673  0.43048591552591836        3.2169081818725375E-009
         674  0.43044855290037637        3.2171728295004871E-009
         675  0.43041125664994584        3.2174323943446063E-009
         676  0.43037402691137866        3.2176922607917471E-009
         677  0.43033686381591740        3.2179496782650435E-009
         678  0.43029976748918641        3.2182029946572252E-009
         679  0.43026273805129500        3.2184551105140353E-009
         680  0.43022577561671210        3.2187051067267990E-009
         681  0.43018888029440433        3.2189520905092376E-009
         682  0.43015205218769437        3.2191960748819413E-009
         683  0.43011529139444565        3.2194382367090990E-009
         684  0.43007859800687415        3.2196786120624557E-009
         685  0.43004197211179618        3.2199182109051344E-009
         686  0.43000541379049101        3.2201527302301418E-009
         687  0.42996892311889207        3.2203889647595979E-009
         688  0.42993250016746642        3.2206205266538233E-009
         689  0.42989614500139245        3.2208478726516179E-009
         690  0.42985985768063412        3.2210751406935823E-009
         691  0.42982363825989889        3.2212975804105781E-009
         692  0.42978748678880058        3.2215208953531658E-009
         693  0.42975140331189643        3.2217417556264596E-009
         694  0.42971538786870611        3.2219589471459489E-009
         695  0.42967944049390300        3.2221764555929799E-009
         696  0.42964356121733871        3.2223885784639247E-009
         697  0.42960775006414931        3.2226019085889064E-009
         698  0.42957200705475079        3.2228084771802131E-009
         699  0.42953633220512755        3.2230150351327859E-009
         700  0.42950072552676988        3.2232222926210707E-009
         701  0.42946518702676983        3.2234254650608804E-009
         702  0.42942971670806018        3.2236248325151885E-009
         703  0.42939431456931337        3.2238212467755736E-009
         704  0.42935898060528954        3.2240209221619335E-009
         705  0.42932371480666770        3.2242165289593624E-009
         706  0.42928851716038374        3.2244041422424937E-009
         707  0.42925338764959392        3.2245987567797884E-009
         708  0.42921832625382861        3.2247882956127542E-009
         709  0.42918333294914485        3.2249753737370813E-009
         710  0.42914840770811630        3.2251613583046039E-009
         711  0.42911355050003575        3.2253422747555188E-009
         712  0.42907876129099681        3.2255234812915011E-009
         713  0.42904404004398883        3.2257024238524111E-009
         714  0.42900938671902372        3.2258799027945983E-009
         715  0.42897480127320547        3.2260544612400282E-009
         716  0.42894028366079895        3.2262283522658473E-009
         717  0.42890583383351361        3.2264000242872672E-009
         718  0.42887145174032848        3.2265649666403916E-009
         719  0.42883713732782053        3.2267342911642083E-009
         720  0.42880289054019849        3.2268991066284090E-009
         721  0.42876871131923594        3.2270607508741000E-009
         722  0.42873459960469523        3.2272259930447004E-009
         723  0.42870055533408163        3.2273851115787502E-009
         724  0.42866657844294254        3.2275439285097784E-009
         725  0.42863266886490686        3.2276988372206236E-009
         726  0.42859882653176279        3.2278517336708715E-009
         727  0.42856505137349282        3.2280061603894765E-009
         728  0.42853134331842363        3.2281543323626891E-009
         729  0.42849770229336770        3.2283076045398117E-009
         730  0.42846412822344565        3.2284553597355448E-009
         731  0.42843062103251572        3.2285946194601735E-009
         732  0.42839718064295967        3.2287433972940304E-009
         733  0.42836380697595883        3.2288859103892002E-009
         734  0.42833049995134698        3.2290236959359934E-009
         735  0.42829725948787950        3.2291629806853635E-009
         736  0.42826408550316636        3.2292998883858449E-009
         737  0.42823097791388415        3.2294334446513926E-009
         738  0.42819793663564037        3.2295682571769154E-009
         739  0.42816496158317491        3.2297010551074181E-009
         740  0.42813205267030896        3.2298320226657902E-009
         741  0.42809920981017419        3.2299600531221712E-009
         742  0.42806643291503416        3.2300870924246430E-009
         743  0.42803372189654271        3.2302112832383224E-009
         744  0.42800107666563980        3.2303342798456605E-009
         745  0.42796849713270857        3.2304584691516213E-009
         746  0.42793598320746234        3.2305741077328243E-009
         747  0.42790353479925053        3.2306947211367324E-009
         748  0.42787115181680313        3.2308118370704504E-009
         749  0.42783883416848761        3.2309261847971588E-009
         750  0.42780658176220671        3.2310429714840880E-009
         751  0.42777439450550958        3.2311556117262059E-009
         752  0.42774227230562928        3.2312663819516633E-009
         753  0.42771021506943963        3.2313771373980899E-009
         754  0.42767822270355110        3.2314822988017635E-009
         755  0.42764629511435487        3.2315886117890806E-009
         756  0.42761443220793771        3.2316935991054608E-009
         757  0.42758263389022055        3.2317968236937616E-009
         758  0.42755090006701141        3.2318963031224981E-009
         759  0.42751923064381941        3.2319985839263603E-009
         760  0.42748762552614011        3.2320963646034160E-009
         761  0.42745608461925372        3.2321946874781197E-009
         762  0.42742460782842634        3.2322885506176299E-009
         763  0.42739319505877882        3.2323834675220307E-009
         764  0.42736184621534901        3.2324809087523268E-009
         765  0.42733056120321716        3.2325704736790503E-009
         766  0.42729933992729030        3.2326617507744566E-009
         767  0.42726818229254865        3.2327475647868739E-009
         768  0.42723708820391920        3.2328376622245766E-009
         769  0.42720605756631841        3.2329211139163141E-009
         770  0.42717509028472500        3.2330096644008047E-009
         771  0.42714418626400263        3.2330896691868310E-009
         772  0.42711334540914886        3.2331726131941250E-009
         773  0.42708256762513919        3.2332553537288585E-009
         774  0.42705185281706004        3.2333333463051094E-009
         775  0.42702120088993217        3.2334099635624342E-009
         776  0.42699061174886949        3.2334859060207972E-009
         777  0.42696008529914692        3.2335637950879279E-009
         778  0.42692962144590446        3.2336364512566612E-009
         779  0.42689922009451386        3.2337077335904701E-009
         780  0.42686888115028709        3.2337772977416625E-009
         781  0.42683860451871108        3.2338504058024731E-009
         782  0.42680839010530452        3.2339180460623214E-009
         783  0.42677823781563057        3.2339844351901321E-009
         784  0.42674814755541085        3.2340503023271127E-009
         785  0.42671811923035258        3.2341157472351098E-009
         786  0.42668815274633015        3.2341813661372268E-009
         787  0.42665824800931668        3.2342418105082928E-009
         788  0.42662840492523035        3.2343011992831829E-009
         789  0.42659862340022403        3.2343657332191037E-009
         790  0.42656890334047631        3.2344201177860219E-009
         791  0.42653924465229315        3.2344804590816485E-009
         792  0.42650964724200291        3.2345355308904426E-009
         793  0.42648011101609756        3.2345894647816228E-009
         794  0.42645063588111692        3.2346473859262421E-009
         795  0.42642122174365721        3.2346960433357917E-009
         796  0.42639186851052807        3.2347500069442758E-009
         797  0.42636257608849748        3.2347952897610109E-009
         798  0.42633334438449993        3.2348516140503190E-009
         799  0.42630417330550013        3.2348941142011921E-009
         800  0.42627506275861238        3.2349453191639745E-009
         801  0.42624601265102285        3.2349916576819175E-009
         802  0.42621702288997171        3.2350375207568791E-009
         803  0.42618809338287406        3.2350823543395263E-009
         804  0.42615922403709267        3.2351200496705951E-009
         805  0.42613041476022367        3.2351641915339503E-009
         806  0.42610166545989847        3.2352028801246522E-009
         807  0.42607297604375710        3.2352457835377470E-009
         808  0.42604434641963845        3.2352828048948641E-009
         809  0.42601577649541800        3.2353213037840671E-009
         810  0.42598726617905652        3.2353594110560573E-009
         811  0.42595881537862113        3.2353910638573683E-009
         812  0.42593042400222625        3.2354254616603743E-009
         813  0.42590209195808165        3.2354591806579527E-009
         814  0.42587381915450834        3.2354910839472350E-009
         815  0.42584560549991662        3.2355218804659989E-009
         816  0.42581745090272582        3.2355552213700925E-009
         817  0.42578935527153960        3.2355820549046053E-009
         818  0.42576131851491589        3.2356105383220799E-009
         819  0.42573334054163225        3.2356375058927803E-009
         820  0.42570542126048055        3.2356686139248513E-009
         821  0.42567756058033895        3.2356928099766432E-009
         822  0.42564975841014779        3.2357142586770708E-009
         823  0.42562201465894761        3.2357408772515622E-009
         824  0.42559432923583729        3.2357606794842646E-009
         825  0.42556670205007685        3.2357798681347704E-009
         826  0.42553913301089075        3.2358020734185789E-009
         827  0.42551162202765747        3.2358207743441255E-009
         828  0.42548416900980562        3.2358413227417037E-009
         829  0.42545677386689390        3.2358610914031024E-009
         830  0.42542943650842385        3.2358784276230457E-009
         831  0.42540215684412208        3.2358925806660682E-009
         832  0.42537493478376959        3.2359096507109900E-009
         833  0.42534777023714015        3.2359230531879535E-009
         834  0.42532066311415717        3.2359353926995546E-009
         835  0.42529361332479920        3.2359500466964968E-009
         836  0.42526662077911809        3.2359616982801254E-009
         837  0.42523968538723006        3.2359706214249412E-009
         838  0.42521280705942383        3.2359822675011616E-009
         839  0.42518598570591692        3.2359900336142181E-009
         840  0.42515922123706940        3.2359991582851127E-009
         841  0.42513251356330634        3.2360066234727740E-009
         842  0.42510586259522332        3.2360132314495401E-009
         843  0.42507926824327019        3.2360205111962783E-009
         844  0.42505273041819891        3.2360249390542338E-009
         845  0.42502624903072539        3.2360281912321526E-009
         846  0.42499982399163816        3.2360344087809401E-009
         847  0.42497345521179225        3.2360351803432518E-009
         848  0.42494714260217115        3.2360381897479754E-009
         849  0.42492088607380180        3.2360427363396213E-009
         850  0.42489468553769638        3.2360384351063151E-009
         851  0.42486854090507226        3.2360373061587802E-009
         852  0.42484245208713611        3.2360374739729477E-009
         853  0.42481641899517320        3.2360363905381870E-009
         854  0.42479044154058027        3.2360346466074629E-009
         855  0.42476451963470452        3.2360292805808972E-009
         856  0.42473865318909909        3.2360267672037498E-009
         857  0.42471284211531979        3.2360214700121636E-009
         858  0.42468708632495705        3.2360201140309996E-009
         859  0.42466138572970741        3.2360098986662720E-009
         860  0.42463574024127959        3.2360022740602338E-009
         861  0.42461014977152312        3.2359951881197162E-009
         862  0.42458461423228172        3.2359884729492365E-009
         863  0.42455913353544911        3.2359780649793811E-009
         864  0.42453370759301190        3.2359679494883083E-009
         865  0.42450833631705398        3.2359605861512767E-009
         866  0.42448301961959201        3.2359523776617110E-009
         867  0.42445775741276437        3.2359361831659476E-009
         868  0.42443254960880178        3.2359246671143668E-009
         869  0.42440739611992601        3.2359102902479702E-009
         870  0.42438229685842260        3.2358989028014019E-009
         871  0.42435725173660088        3.2358820719636665E-009
         872  0.42433226066690438        3.2358709492335289E-009
         873  0.42430732356169037        3.2358549393553726E-009
         874  0.42428244033344426        3.2358417692602041E-009
         875  0.42425761089466063        3.2358218482345189E-009
         876  0.42423283515790750        3.2358062153842800E-009
         877  0.42420811303576200        3.2357869639821854E-009
         878  0.42418344444082662        3.2357661909904331E-009
         879  0.42415882928574361        3.2357466377159604E-009
         880  0.42413426748321847        3.2357321738965496E-009
         881  0.42410975894589931        3.2357117781004271E-009
         882  0.42408530358658886        3.2356880334680682E-009
         883  0.42406090131800689        3.2356681714619447E-009
         884  0.42403655205291507        3.2356428448363146E-009
         885  0.42401225570418916        3.2356240259817588E-009
         886  0.42398801218457932        3.2355994555142992E-009
         887  0.42396382140698152        3.2355747725557819E-009
         888  0.42393968328421988        3.2355520602973434E-009
         889  0.42391559772913306        3.2355280571369765E-009
         890  0.42389156465463135        3.2354981062772723E-009
         891  0.42386758397357088        3.2354729858990826E-009
         892  0.42384365559887144        3.2354511757137923E-009
         893  0.42381977944341964        3.2354223290157450E-009
         894  0.42379595542008747        3.2353943517309495E-009
         895  0.42377218344179718        3.2353678553528192E-009
         896  0.42374846342137318        3.2353377482680524E-009
         897  0.42372479527176221        3.2353119220352849E-009
         898  0.42370117890578601        3.2352812765882352E-009
         899  0.42367761423632189        3.2352510392043900E-009
         900  0.42365410117624813        3.2352207178999086E-009
         901  0.42363063963834274        3.2351889850692307E-009
         902  0.42360722953543850        3.2351571430644762E-009
         903  0.42358387078034937        3.2351227976453757E-009
         904  0.42356056328582525        3.2350929992820953E-009
         905  0.42353730696459613        3.2350600018481678E-009
         906  0.42351410172937126        3.2350261080009662E-009
         907  0.42349094749289617        3.2349936840151203E-009
         908  0.42346784416773692        3.2349612202390546E-009
         909  0.42344479166655574        3.2349224726525079E-009
         910  0.42342178990192092        3.2348910839526818E-009
         911  0.42339883878640933        3.2348539674364953E-009
         912  0.42337593823241726        3.2348178370970523E-009
         913  0.42335308815250583        3.2347807774066122E-009
         914  0.42333028845900816        3.2347413221646957E-009
         915  0.42330753906431456        3.2347067700034876E-009
         916  0.42328483988070292        3.2346687262725210E-009
         917  0.42326219082045158        3.2346315539063701E-009
         918  0.42323959179575987        3.2345926870389497E-009
         919  0.42321704271873622        3.2345567448543235E-009
         920  0.42319454350147273        3.2345159527453885E-009
         921  0.42317209405596090        3.2344767504868024E-009
         922  0.42314969429415411        3.2344358719923653E-009
         923  0.42312734412797004        3.2343923080714484E-009
         924  0.42310504346919647        3.2343529492405161E-009
         925  0.42308279222961415        3.2343155878369401E-009
         926  0.42306059032083632        3.2342716078771565E-009
         927  0.42303843765452248        3.2342261771616925E-009
         928  0.42301633414220363        3.2341897353682349E-009
         929  0.42299427969525377        3.2341451811878757E-009
         930  0.42297227422515077        3.2341002060253654E-009
         931  0.42295031764310387        3.2340597120415347E-009
         932  0.42292840986032754        3.2340109095487939E-009
         933  0.42290655078802247        3.2339685785944461E-009
         934  0.42288474033715828        3.2339246566919947E-009
         935  0.42286297841879950        3.2338819665211384E-009
         936  0.42284126494371344        3.2338359282712930E-009
         937  0.42281959982270312        3.2337881441357714E-009
         938  0.42279798296657034        3.2337419542873572E-009
         939  0.42277641428579243        3.2336982057589976E-009
         940  0.42275489369098024        3.2336479437065159E-009
         941  0.42273342109255785        3.2336010350049563E-009
         942  0.42271199640090346        3.2335544996704377E-009
         943  0.42269061952624049        3.2335094724238715E-009
         944  0.42266929037871193        3.2334574662407658E-009
         945  0.42264800886839843        3.2334084370938668E-009
         946  0.42262677490535661        3.2333634869645682E-009
         947  0.42260558839941775        3.2333140404099971E-009
         948  0.42258444926039640        3.2332644211691250E-009
         949  0.42256335739803924        3.2332169131934493E-009
         950  0.42254231272192838        3.2331673243661421E-009
         951  0.42252131514162344        3.2331190422226814E-009
         952  0.42250036456662465        3.2330659227282690E-009
         953  0.42247946090625255        3.2330167087909681E-009
         954  0.42245860406975722        3.2329648377570514E-009
         955  0.42243779396635139        3.2329139507230036E-009
         956  0.42241703050517709        3.2328639373119613E-009
         957  0.42239631359527879        3.2328132461170131E-009
         958  0.42237564314550918        3.2327616088438611E-009
         959  0.42235501906485073        3.2327066345387237E-009
         960  0.42233444126205483        3.2326559131504390E-009
         961  0.42231390964581106        3.2326043783886024E-009
         962  0.42229342412483095        3.2325496620795363E-009
         963  0.42227298460762613        3.2324929062235535E-009
         964  0.42225259100277623        3.2324395281299823E-009
         965  0.42223224321869041        3.2323886971424105E-009
         966  0.42221194116374439        3.2323337031606977E-009
         967  0.42219168474627933        3.2322781197473917E-009
         968  0.42217147387461068        3.2322265776434735E-009
         969  0.42215130845685761        3.2321693571272386E-009
         970  0.42213118840129693        3.2321202611596044E-009
         971  0.42211111361600906        3.2320593173626661E-009
         972  0.42209108400907297        3.2320047448035615E-009
         973  0.42207109948852639        3.2319526685793015E-009
         974  0.42205115996244030        3.2318900647875220E-009
         975  0.42203126533876872        3.2318382363170109E-009
         976  0.42201141552548593        3.2317836279182482E-009
         977  0.42199161043051664        3.2317257625592187E-009
         978  0.42197184996181841        3.2316661557800708E-009
         979  0.42195213402733106        3.2316106316810939E-009
         980  0.42193246253494621        3.2315569086841770E-009
         981  0.42191283539260910        3.2314983721955324E-009
         982  0.42189325250816817        3.2314382653552375E-009
         983  0.42187371378970118        3.2313832495725907E-009
         984  0.42185421914508370        3.2313229025713501E-009
         985  0.42183476848234519        3.2312689544754274E-009
         986  0.42181536170941081        3.2312048186907316E-009
         987  0.42179599873446211        3.2311496680943210E-009
         988  0.42177667946553304        3.2310890999717414E-009
         989  0.42175740381080096        3.2310278970504839E-009
         990  0.42173817167847955        3.2309748902182298E-009
         991  0.42171898297681315        3.2309137693371955E-009
         992  0.42169983761420476        3.2308551104861714E-009
         993  0.42168073549902546        3.2307946641144136E-009
         994  0.42166167653982084        3.2307349501466343E-009
         995  0.42164266064522954        3.2306748746634991E-009
         996  0.42162368772390652        3.2306160787964254E-009
         997  0.42160475768476907        3.2305526437942741E-009
         998  0.42158587043670021        3.2304923661430091E-009
         999  0.42156702588878303        3.2304299239701981E-009
        1000  0.42154822395028119        3.2303689036946551E-009
