  0.47164704387692863       0.47980927003058632     
  0.47164704387692863       0.47980927003058632     
  0.47201971731128944       0.48003671906615752     
  0.47310067691590679       0.46434130172266974     
  0.47194035635412029       0.47921976093999580     
  0.47221081164930728       0.47354897186305500     
  0.47291548639601622       0.47803594721559661     
  0.45939829778394642       0.32821363948444021     
  0.47352417155588833       0.46963104275381617     
  0.47274473808248285       0.44341034275633745     
  0.47203125263636325       0.47918008843949983     
  0.47194035635412029       0.47921976093999580     
  0.47243550022446340       0.47912861139827678     
  0.47466186412937444       0.47094724189118675     
  0.47194035635412029       0.47921976093999580     
  0.47199916334588421       0.47931646753681495     
  0.45366413290132168        7.4318410712560942E-002
  0.47162847358867821       0.47809198622185001     
  0.47196255160416600       0.47957671145520803     
  0.47172474908046275       0.47928988748522661     
  0.47153114526157158       0.47970487999702971     
  0.47190075615934624       0.47899051637993811     
  0.47190833705248703       0.47924819868929408     
  0.47137228312763574       0.47907834794723875     
  0.47328509117469458       0.46237328229360564     
  0.47203332516717567       0.47993986709610587     
  0.47250125950130101       0.47880090869258218     
  0.46929886916995411       0.45488097573294684     
  0.47541308376131786       0.47676178567792260     
  0.47199904344893673       0.47931684046062240     
  0.47314526069857615       0.46298163606551457     
  0.47222368923486324       0.47835959840661701     
  0.47056463160747214       0.47626318321993810     
  0.47190872239339571       0.47935554522383439     
  0.47190872239339571       0.47935554522383439     
  0.47203125263636325       0.47918008843949983     
  0.47145631922250769       0.47912020156190216     
  0.47137228312763574       0.47907834794723875     
  0.47137228312763574       0.47907834794723875     
  0.47202348781066872       0.47934469510694339     
  0.47171957232568096       0.47987179252092704     
  0.47246932477868114       0.47892856052558880     
  0.47221917822701165       0.47983192228521637     
  0.47672622152538102       0.47635232998055116     
  0.47259821347887765       0.46660991776670036     
  0.47190872239339571       0.47935554522383439     
  0.47190872239339571       0.47935554522383439     
  0.47190833705248703       0.47924819868929408     
  0.45775927493568563       0.22983122857720845     
  0.47199916334588421       0.47931646753681495     
  0.47221917822701165       0.47983192228521637     
  0.45592094693068308       0.10373496496849395     
  0.45033542216393607       0.12236982359939544     
  0.47152431155054092       0.47247655192389126     
  0.47189197086180545       0.47966783640365085     
  0.47201971731128944       0.48003671906615752     
  0.45519406627999059       0.25764402201760417     
  0.46036849525993490       0.35780412303316800     
  0.47137228312763574       0.47907834794723875     
  0.47233935988211573       0.47930147124147532     
  0.47192423963962565       0.47836939302884740     
  0.48486064745969054       0.44216666778026620     
  0.47180383201827253       0.47986138841600096     
  0.45151197030909535       0.14547327543704405     
  0.47190872239339571       0.47935554522383439     
  0.47285024294802991       0.47875098901497631     
  0.47592579600029106       0.47428714685366291     
  0.47164704387692863       0.47980927003058632     
  0.47137228312763574       0.47907834794723875     
  0.47199916334588421       0.47931646753681495     
