           1   0.0000000000000000        0.0000000000000000     
           2   57.447102647030746        82.738748827037966     
           3   3.2878087121772297        1.2006545902547683     
           4   2.7679686749149499        1.0605203963724483     
           5   2.4095432594695438       0.92803473630038957     
           6   2.1673806587267794       0.85610078800086598     
           7   1.9893095972600756       0.81030513764626955     
           8   1.8515789060607724       0.77771632124139156     
           9   1.7415287224719407       0.75392443924245767     
          10   1.6513389098779552       0.73647357498351718     
          11   1.5758222042181509       0.72350668801967544     
          12   1.5114784144873112       0.71380115599670058     
          13   1.4558737940158455       0.70656820323866720     
          14   1.4072482417972763       0.70124891533439981     
          15   1.3642929136693103       0.69742986550378427     
          16   1.3260146606454433       0.69480282694162065     
          17   1.2916452337507913       0.69313377969358470     
          18   1.2605798106588717       0.69224120847422965     
          19   1.2323350751371331       0.69198217970211617     
          20   1.2065197553673019       0.69224279971609692     
          21   1.1828133729052694       0.69293131185661616     
          22   1.1609506695941905       0.69397306960204197     
          23   1.1407100253435210       0.69530683825475759     
          24   1.1219047091690453       0.69688202115070375     
          25   1.1043761777350991       0.69865654637002350     
          26   1.0879888798299935       0.70059523755917663     
          27   1.0726261833368875       0.70266854377905419     
          28   1.0581871488107111       0.70485153849095727     
          29   1.0445839491100712       0.70712312288200907     
          30   1.0317397875390246       0.70946538618902399     
          31   1.0195872045085888       0.71186308783927466     
          32   1.0080666898281971       0.71430323509849747     
          33  0.99712553749516708       0.71677473617173182     
          34  0.98671689449313338       0.71926811354430631     
          35  0.97679896594722759       0.72177526565016059     
          36  0.96733434722643719       0.72428926775256386     
          37  0.95828945975141999       0.72680420469675255     
          38  0.94963407207401418       0.72931502982452578     
          39  0.94134089146835764       0.73181744547853111     
          40  0.93338521412961051       0.73430780134030393     
          41  0.92574462436203708       0.73678300770914906     
          42  0.91839873486370949       0.73924046115146802     
          43  0.91132896169659705       0.74167798066154744     
          44  0.90451832861328896       0.74409375261534405     
          45  0.89795129633980453       0.74648628315744192     
          46  0.89161361316841425       0.74885435695184344     
          47  0.88549218379812522       0.75119700130450817     
          48  0.87957495385565099       0.75351345490595922     
          49  0.87385080794426961       0.75580314051703523     
          50  0.86830947940220415       0.75806564108909602     
          51  0.86294147020813006       0.76030067879219088     
          52  0.85773797973661403       0.76250809661065921     
          53  0.85269084123162198       0.76468784216175978     
          54  0.84779246503841044       0.76683995343397338     
          55  0.84303578776658950       0.76896454621701471     
          56  0.83841422668375287       0.77106180304091243     
          57  0.83392163871047587       0.77313196339063828     
          58  0.82955228349919574       0.77517531510520099     
          59  0.82530079012267488       0.77719218676527424     
          60  0.82116212698405577       0.77918294102607233     
          61  0.81713157457965224       0.78114796871600023     
          62  0.81320470081820340       0.78308768365847603     
          63  0.80937733862500549       0.78500251813917366     
          64  0.80564556558791223       0.78689291893111335     
          65  0.80200568543684370       0.78875934380742918     
          66  0.79845421117026139       0.79060225851065069     
          67  0.79498784966980218       0.79242213413061113     
          68  0.79160348764307709       0.79421944480342765     
          69  0.78829817877152353       0.79599466573213495     
          70  0.78506913195630368       0.79774827149891891     
          71  0.78191370053835307       0.79948073460228386     
          72  0.77882937241031347       0.80119252419573705     
          73  0.77581376094289223       0.80288410504956409     
          74  0.77286459663562068       0.80455593664261427     
          75  0.76997971943404964       0.80620847240078797     
          76  0.76715707166027358       0.80784215910288415     
          77  0.76439469147398786       0.80945743631332256     
          78  0.76169070685984441       0.81105473600980782     
          79  0.75904333004384761       0.81263448218893441     
          80  0.75645085235441756       0.81419709065002144     
          81  0.75391163943632244       0.81574296872740581     
          82  0.75142412683390070       0.81727251517062804     
          83  0.74898681588145599       0.81878612000845830     
          84  0.74659826989059486       0.82028416448626806     
          85  0.74425711060366306       0.82176702101746502     
          86  0.74196201489278069       0.82323505316957557     
          87  0.73971171168180661       0.82468861565835361     
          88  0.73750497909153445       0.82612805441395343     
          89  0.73534064175435665       0.82755370659007643     
          90  0.73321756832290630       0.82896590063858588     
          91  0.73113466914271308       0.83036495640464125     
          92  0.72909089406178507       0.83175118517689806     
          93  0.72708523039836226       0.83312488980985644     
          94  0.72511670102689862       0.83448636480942107     
          95  0.72318436259344354       0.83583589646011824     
          96  0.72128730382844242       0.83717376289987844     
          97  0.71942464398791162       0.83850023428565912     
          98  0.71759553136785281       0.83981557287478759     
          99  0.71579914192175675       0.84112003315978434     
         100  0.71403467796325337       0.84241386199518453     
         101  0.71230136693818902       0.84369729870585985     
         102  0.71059846027981166       0.84497057521813779     
         103  0.70892523232987803       0.84623391618835353     
         104  0.70728097931818690       0.84748753910338226     
         105  0.70566501840670592       0.84873165440107379     
         106  0.70407668679305746       0.84996646559904754     
         107  0.70251534086003042       0.85119216939637743     
         108  0.70098035537979064       0.85240895579327991     
         109  0.69947112275106760       0.85361700816239372     
         110  0.69798705230732561       0.85481650341221338     
         111  0.69652756963446327       0.85600761205062936     
         112  0.69509211593678277       0.85719049825521365     
         113  0.69368014746581874       0.85836532007394806     
         114  0.69229113492572336       0.85953222939186136     
         115  0.69092456297439409       0.86069137213323410     
         116  0.68957992970663340       0.86184288830476807     
         117  0.68825674618542276       0.86298691209024470     
         118  0.68695453601016943       0.86412357199782353     
         119  0.68567283488360720       0.86525299091345376     
         120  0.68441119022283581       0.86637528621660631     
         121  0.68316916078792167       0.86749056990256346     
         122  0.68194631633201785       0.86859894869025489     
         123  0.68074223727054350       0.86970052414646826     
         124  0.67955651436192221       0.87079539277407081     
         125  0.67838874843009744       0.87188364621132430     
         126  0.67723855007344391       0.87296537130467877     
         127  0.67610553940716545       0.87404065027266886     
         128  0.67498934582317749       0.87510956086946334     
         129  0.67388960775310791       0.87617217652675206     
         130  0.67280597244614748       0.87722856650432435     
         131  0.67173809577018229       0.87827879608525861     
         132  0.67068564200065484       0.87932292669427514     
         133  0.66964828365142881       0.88036101613778350     
         134  0.66862570128285326       0.88139311872410553     
         135  0.66761758333476140       0.88241928545484416     
         136  0.66662362596895663       0.88343956421708580     
         137  0.66564353290170208       0.88445399992089802     
         138  0.66467701526249068       0.88546263470611097     
         139  0.66372379144264526       0.88646550809354363     
         140  0.66278358694665918       0.88746265712908723     
         141  0.66185613426032641       0.88845411656192641     
         142  0.66094117269860209       0.88943991893927299     
         143  0.66003844829025149       0.89042009482967877     
         144  0.65914771361589519       0.89139467283059592     
         145  0.65826872768848277       0.89236367975267472     
         146  0.65740125581237518       0.89332714068935115     
         147  0.65654506944729230       0.89428507910012345     
         148  0.65569994606676185       0.89523751686243602     
         149  0.65486566902756260       0.89618447435066473     
         150  0.65404202742108042       0.89712597043972686     
         151  0.65322881593696092       0.89806202253993139     
         152  0.65242583472322946       0.89899264662095024     
         153  0.65163288923483664       0.89991785716279415     
         154  0.65084979009031640       0.90083766715628744     
         155  0.65007635293000088       0.90175208807041329     
         156  0.64931239827269815       0.90266112983646341     
         157  0.64855775134667992       0.90356480070178602     
         158  0.64781224196656639       0.90446310726494339     
         159  0.64707570436854212       0.90535605434033306     
         160  0.64634797707020564       0.90624364491329867     
         161  0.64562890271698981       0.90712588003115857     
         162  0.64491832794272264       0.90800275874829151     
         163  0.64421610321485123       0.90887427799787113     
         164  0.64352208269979738       0.90974043254670489     
         165  0.64283612412082158       0.91060121489972246     
         166  0.64215808860970547       0.91145661518800791     
         167  0.64148784058289188       0.91230662113547256     
         168  0.64082524760051229       0.91315121795718079     
         169  0.64017018023895456       0.91399038830721824     
         170  0.63952251197203602       0.91482411224020799     
         171  0.63888211902903191       0.91565236709805631     
         172  0.63824888029872084       0.91647512754924465     
         173  0.63762267721067389       0.91729236553787974     
         174  0.63700339361506431       0.91810405023901087     
         175  0.63639091568247197       0.91891014804657589     
         176  0.63578513181311780       0.91971062263612346     
         177  0.63518593252826228       0.92050543491626513     
         178  0.63459321038517658       0.92129454308335801     
         179  0.63400685988048400       0.92207790261624045     
         180  0.63342677739269715       0.92285546642528249     
         181  0.63285286106723604       0.92362718475712713     
         182  0.63228501077295696       0.92439300537964475     
         183  0.63172312801022756       0.92515287357213205     
         184  0.63116711586483709       0.92590673227947295     
         185  0.63061687893131779       0.92665452214866928     
         186  0.63007232324320050       0.92739618156579429     
         187  0.62953335626468010       0.92813164696289374     
         188  0.62899988676992979       0.92886085262752827     
         189  0.62847182486046582       0.92958373108894787     
         190  0.62794908186702725       0.93030021301169163     
         191  0.62743157034480546       0.93101022747506146     
         192  0.62691920402066581       0.93171370203720283     
         193  0.62641189774221262       0.93241056278604706     
         194  0.62590956746481841       0.93310073457877396     
         195  0.62541213021306419       0.93378414112294827     
         196  0.62491950404845076       0.93446070509275858     
         197  0.62443160804047748       0.93513034825715380     
         198  0.62394836225482930       0.93579299165941698     
         199  0.62346968771556466       0.93644855569048513     
         200  0.62299550640722634       0.93709696030748502     
         201  0.62252574121990545       0.93773812501343468     
         202  0.62206031597840417       0.93837196918821264     
         203  0.62159915541114508       0.93899841213518842     
         204  0.62114218511729280       0.93961737314738381     
         205  0.62068933159931150       0.94022877179747588     
         206  0.62024052221476211       0.94083252792718164     
         207  0.61979568521947881       0.94142856197569846     
         208  0.61935474970756643       0.94201679488014800     
         209  0.61891764566092067       0.94259714844576614     
         210  0.61848430392627063       0.94316954536740094     
         211  0.61805465622016287       0.94373390939891577     
         212  0.61762863513102795       0.94429016548727795     
         213  0.61720617413851508       0.94483823995894423     
         214  0.61678720760792527       0.94537806063094332     
         215  0.61637167080959943       0.94590955697907220     
         216  0.61595949991728993       0.94643266024598216     
         217  0.61555063203435401       0.94694730363942103     
         218  0.61514500519064863       0.94745342241711350     
         219  0.61474255837599623       0.94795095409741426     
         220  0.61434323153677206       0.94843983854163072     
         221  0.61394696557942419       0.94892001802622350     
         222  0.61355370244819130       0.94939143765699174     
         223  0.61316338504261370       0.94985404507198035     
         224  0.61277595732611090       0.95030779096311802     
         225  0.61239136428127361       0.95075262895361123     
         226  0.61200955195052520       0.95118851580686958     
         227  0.61163046743028004       0.95161541146133743     
         228  0.61125405893508833       0.95203327933833637     
         229  0.61088027572104808       0.95244208607006131     
         230  0.61050906820823969       0.95284180203486435     
         231  0.61014038787947189       0.95323240099474993     
         232  0.60977418738291456       0.95361386052732378     
         233  0.60941042048643979       0.95398616188263519     
         234  0.60904904209022304       0.95434929005741020     
         235  0.60869000825213593       0.95470323392405243     
         236  0.60833327616714161       0.95504798616372621     
         237  0.60797880419561512       0.95538354340420895     
         238  0.60762655181534875       0.95570990604052097     
         239  0.60727647966968268       0.95602707844230717     
         240  0.60692854954548758       0.95633506887274677     
         241  0.60658272434483529       0.95663388939464644     
         242  0.60623896809701072       0.95692355590990286     
         243  0.60589724594241379       0.95720408811168944     
         244  0.60555752412337482       0.95747550944084625     
         245  0.60521976996465976       0.95773784701938514     
         246  0.60488395185550059       0.95799113156536575     
         247  0.60455003921362160       0.95823539724606910     
         248  0.60421800251704072       0.95847068181483164     
         249  0.60388781322535168       0.95869702627982478     
         250  0.60355944376375392       0.95891447481740633     
         251  0.60323286755282168       0.95912307491589677     
         252  0.60290805889916910       0.95932287690345031     
         253  0.60258499303166824       0.95951393408035723     
         254  0.60226364603885829       0.95969630247093185     
         255  0.60194399486250261       0.95987004078076510     
         256  0.60162601723894960       0.96003521013234194     
         257  0.60130969170244375       0.96019187409160311     
         258  0.60099499751469099       0.96034009834375245     
         259  0.60068191467179366       0.96047995072306214     
         260  0.60037042383095740       0.96061150089457947     
         261  0.60006050633033992       0.96073482042481484     
         262  0.59975214410013000       0.96084998239635500     
         263  0.59944531968368142       0.96095706149820914     
         264  0.59914001614739476       0.96105613361996756     
         265  0.59883621712391888       0.96114727603470751     
         266  0.59853390669999740       0.96123056691104147     
         267  0.59823306946934340       0.96130608552687569     
         268  0.59793369041217115       0.96137391176127540     
         269  0.59763575497638821       0.96143412640229131     
         270  0.59733924895326607       0.96148681064689190     
         271  0.59704415848356429       0.96153204608630705     
         272  0.59675047006777104       0.96156991476271025     
         273  0.59645817049734051       0.96160049885604026     
         274  0.59616724686608991       0.96162388072672711     
         275  0.59587768649044470       0.96164014258351016     
         276  0.59558947698705100       0.96164936678208734     
         277  0.59530260615419561       0.96165163533528941     
         278  0.59501706201863336       0.96164703009572750     
         279  0.59473283280390066       0.96163563261587470     
         280  0.59444990688952593       0.96161752397444389     
         281  0.59416827285400520       0.96159278494748901     
         282  0.59388791937496843       0.96156149558960680     
         283  0.59360883534048225       0.96152373568370886     
         284  0.59333100970990604       0.96147958417459900     
         285  0.59305443160063342       0.96142911950755805     
         286  0.59277909022168307       0.96137241936888762     
         287  0.59250497491474785       0.96130956082875241     
         288  0.59223207511084563       0.96124062018799428     
         289  0.59196038033947551       0.96116567299264533     
         290  0.59168988023241720       0.96108479406193670     
         291  0.59142056451395553       0.96099805744358668     
         292  0.59115242298478377       0.96090553634641440     
         293  0.59088544555267952       0.96080730327064268     
         294  0.59061962221844055       0.96070342995995406     
         295  0.59035494305236558       0.96059398728279721     
         296  0.59009139822408962       0.96047904539053564     
         297  0.58982897799453737       0.96035867366261529     
         298  0.58956767272935440       0.96023294078013621     
         299  0.58930747285572238       0.96010191454786808     
         300  0.58904836893205570       0.95996566218421309     
         301  0.58879035159689108       0.95982425012174910     
         302  0.58853341159952499       0.95967774413814522     
         303  0.58827753977850794       0.95952620926883136     
         304  0.58802272709173298       0.95936970994810566     
         305  0.58776896461090411       0.95920830998360007     
         306  0.58751624350702669       0.95904207250716833     
         307  0.58726455507383202       0.95887106008388523     
         308  0.58701389072251653       0.95869533469391377     
         309  0.58676424199096733       0.95851495777706441     
         310  0.58651560052299534       0.95832999016370857     
         311  0.58626795811941168       0.95814049228600462     
         312  0.58602130667667396       0.95794652394006541     
         313  0.58577563824350398       0.95774814452280310     
         314  0.58553094498659863       0.95754541290664219     
         315  0.58528721922222682       0.95733838757344414     
         316  0.58504445338784872       0.95712712650970189     
         317  0.58480264007414184       0.95691168734707976     
         318  0.58456177198026982       0.95669212719816987     
         319  0.58432184197837977       0.95646850290301244     
         320  0.58408284306024705       0.95624087086046283     
         321  0.58384476835913346       0.95600928708859190     
         322  0.58360761113697912       0.95577380721445282     
         323  0.58337136481943130       0.95553448660419504     
         324  0.58313602294314371       0.95529138016503601     
         325  0.58290157920558483       0.95504454256417470     
         326  0.58266802742627966       0.95479402807267655     
         327  0.58243536154000131       0.95453989055178767     
         328  0.58220357566489112       0.95428218373726936     
         329  0.58197266400652281       0.95402096086074073     
         330  0.58174262091664597       0.95375627489339843     
         331  0.58151344087022083       0.95348817847223288     
         332  0.58128511848062303       0.95321672395898394     
         333  0.58105764846152730       0.95294196330073122     
         334  0.58083102565365552       0.95266394814999100     
         335  0.58060524505572619       0.95238272999188478     
         336  0.58038030169704169       0.95209835964729306     
         337  0.58015619081000991       0.95181088796172308     
         338  0.57993290766780070       0.95152036518714600     
         339  0.57971044769343871       0.95122684139324709     
         340  0.57948880639489264       0.95093036625105909     
         341  0.57926797937915397       0.95063098907503096     
         342  0.57904796236314826       0.95032875887591484     
         343  0.57882875113545273       0.95002372423295967     
         344  0.57861034160274871       0.94971593346529037     
         345  0.57839272974554190       0.94940543447717696     
         346  0.57817591162328652       0.94909227478267499     
         347  0.57795988340056059       0.94877650162040772     
         348  0.57774464129205105       0.94845816173042030     
         349  0.57753018160245984       0.94813730154096465     
         350  0.57731650071838481       0.94781396712620958     
         351  0.57710359508974496       0.94748820413873780     
         352  0.57689146121970936       0.94716005780037460     
         353  0.57668009570243994       0.94682957303039073     
         354  0.57646949516619928       0.94649679424065192     
         355  0.57625965632920551       0.94616176556850706     
         356  0.57605057593607745       0.94582453062068439     
         357  0.57584225081084639       0.94548513269929535     
         358  0.57563467781478783       0.94514361464177810     
         359  0.57542785386473994       0.94480001888648479     
         360  0.57522177592608059       0.94445438747857691     
         361  0.57501644100217086       0.94410676200249988     
         362  0.57481184615112935       0.94375718367964079     
         363  0.57460798845650440       0.94340569325208912     
         364  0.57440486506619837       0.94305233114273135     
         365  0.57420247314549555       0.94269713726732085     
         366  0.57400080988351920       0.94234015108121250     
         367  0.57379987256621312       0.94198141186971107     
         368  0.57359965841146143       0.94162095808937296     
         369  0.57340016476091860       0.94125882815944051     
         370  0.57320138894508832       0.94089505990691602     
         371  0.57300332832143686       0.94052969073865578     
         372  0.57280598026507223       0.94016275761129942     
         373  0.57260934222965809       0.93979429727236075     
         374  0.57241341162051695       0.93942434576388711     
         375  0.57221818592467399       0.93905293895039210     
         376  0.57202366260897164       0.93868011211294733     
         377  0.57182983920176123       0.93830590028712668     
         378  0.57163671321784704       0.93793033796145764     
         379  0.57144428221740906       0.93755345932071699     
         380  0.57125254375311696       0.93717529805522082     
         381  0.57106149541820139       0.93679588752925091     
         382  0.57087113482302576       0.93641526071942693     
         383  0.57068145957005445       0.93603345010522387     
         384  0.57049246730757597       0.93565048790130856     
         385  0.57030415567970583       0.93526640584522436     
         386  0.57011652236072541       0.93488123536085055     
         387  0.56992956501099634       0.93449500737013014     
         388  0.56974328134894192       0.93410775259545786     
         389  0.56955766906137639       0.93371950120411107     
         390  0.56937272588923415       0.93333028315865807     
         391  0.56918844953941150       0.93294012785725888     
         392  0.56900483777600419       0.93254906452751907     
         393  0.56882188836925474       0.93215712199759126     
         394  0.56863959904539896       0.93176432852675561     
         395  0.56845796762418077       0.93137071234272650     
         396  0.56827699189213055       0.93097630114526042     
         397  0.56809666964293470       0.93058112227842027     
         398  0.56791699869743673       0.93018520280558092     
         399  0.56773797689057992       0.92978856946313193     
         400  0.56755960204615319       0.92939124857279276     
         401  0.56738187203260049       0.92899326625821521     
         402  0.56720478468236890       0.92859464813513637     
         403  0.56702833790302010       0.92819541975037234     
         404  0.56685252955860843       0.92779560613176282     
         405  0.56667735754234438       0.92739523205102081     
         406  0.56650281976373806       0.92699432201004162     
         407  0.56632891415768971       0.92659290026304031     
         408  0.56615563862693730       0.92619099058621934     
         409  0.56598299113005912       0.92578861664984624     
         410  0.56581096962767541       0.92538580180165764     
         411  0.56563957206982396       0.92498256900556719     
         412  0.56546879645222337       0.92457894109570060     
         413  0.56529864075642566       0.92417494051833715     
         414  0.56512910299420749       0.92377058953329683     
         415  0.56496018118357805       0.92336591010585933     
         416  0.56479187335219261       0.92296092392699214     
         417  0.56462417755435657       0.92255565249900706     
         418  0.56445709184435588       0.92215011701186589     
         419  0.56429061429019811       0.92174433841876424     
         420  0.56412474299286053       0.92133833751028227     
         421  0.56395947605081598       0.92093213477369162     
         422  0.56379481157724698       0.92052575046912599     
         423  0.56363074770462740       0.92011920464675645     
         424  0.56346728258623391       0.91971251717704006     
         425  0.56330441438247614       0.91930570765679709     
         426  0.56314214126817430       0.91889879548447573     
         427  0.56298046143942460       0.91849179987805851     
         428  0.56281937310503749       0.91808473982315053     
         429  0.56265887449655860       0.91767763415258929     
         430  0.56249896383965159       0.91727050140731425     
         431  0.56233963940178877       0.91686336003206514     
         432  0.56218089945223881       0.91645622824585815     
         433  0.56202274227561999       0.91604912405939731     
         434  0.56186516618348448       0.91564206535897186     
         435  0.56170816949178759       0.91523506979352964     
         436  0.56155175052827089       0.91482815483513291     
         437  0.56139590765154057       0.91442133782188539     
         438  0.56124063922178680       0.91401463587301179     
         439  0.56108594362533282       0.91360806599129174     
         440  0.56093181924527280       0.91320164491334832     
         441  0.56077826450606139       0.91279538934099191     
         442  0.56062527782078297       0.91238931568486370     
         443  0.56047285763557841       0.91198344028849920     
         444  0.56032100239898341       0.91157777926375405     
         445  0.56016971057858134       0.91117234859750129     
         446  0.56001898064784594       0.91076716409175185     
         447  0.55986881110448816       0.91036224141361932     
         448  0.55971920044175694       0.90995759601850390     
         449  0.55957014719744747       0.90955324333548548     
         450  0.55942164986093612       0.90914919839045061     
         451  0.55927370699087819       0.90874547627681712     
         452  0.55912631715663486       0.90834209194740478     
         453  0.55897947886627952       0.90793905989454959     
         454  0.55883319071319515       0.90753639476777836     
         455  0.55868745127732389       0.90713411095912533     
         456  0.55854225913089217       0.90673222264868125     
         457  0.55839761285677569       0.90633074385313173     
         458  0.55825351106144794       0.90592968850420807     
         459  0.55810995234731531       0.90552907033404306     
         460  0.55796693530921782       0.90512890284167513     
         461  0.55782445857100549       0.90472919947712971     
         462  0.55768252073713109       0.90432997341255283     
         463  0.55754112044426973       0.90393123778332818     
         464  0.55740025627581768       0.90353300531717173     
         465  0.55725992690005921       0.90313528891512829     
         466  0.55712013090857448       0.90273810097740714     
         467  0.55698086692411997       0.90234145386903009     
         468  0.55684213358686696       0.90194535984265856     
         469  0.55670392949826075       0.90154983080956430     
         470  0.55656625328288156       0.90115487862780497     
         471  0.55642910353593311       0.90076051483613340     
         472  0.55629247891350742       0.90036675106670860     
         473  0.55615637796786266       0.89997359835297330     
         474  0.55602079932200654       0.89958106784346659     
         475  0.55588574155676818       0.89918917036025237     
         476  0.55575120324941718       0.89879791652598306     
         477  0.55561718300474316       0.89840731692327236     
         478  0.55548367933631537       0.89801738158101629     
         479  0.55535069083054112       0.89762812068223252     
         480  0.55521821601316246       0.89723954397080274     
         481  0.55508625341098616       0.89685166105800096     
         482  0.55495480154098931       0.89646448133078294     
         483  0.55482385889953612       0.89607801394551889     
         484  0.55469342394874266       0.89569226773644761     
         485  0.55456349516239267       0.89530725144929224     
         486  0.55443407099899578       0.89492297358026918     
         487  0.55430514985749890       0.89453944225071280     
         488  0.55417673014528390       0.89415666543128691     
         489  0.55404881025181418       0.89377465086100916     
         490  0.55392138851937789       0.89339340594892369     
         491  0.55379446328923287       0.89301293792318137     
         492  0.55366803286314559       0.89263325368883262     
         493  0.55354209551475853       0.89225435989084212     
         494  0.55341664949553437       0.89187626292407007     
         495  0.55329169303221371       0.89149896890681279     
         496  0.55316722429936183       0.89112248361382207     
         497  0.55304324145305583       0.89074681256561639     
         498  0.55291974263633659       0.89037196109080052     
         499  0.55279672590692852       0.88999793398617355     
         500  0.55267418934461798       0.88962473601605374     
         501  0.55255213094233213       0.88925237141242308     
         502  0.55243054867996133       0.88888084419996360     
         503  0.55230944050633202       0.88851015812500311     
         504  0.55218880429939665       0.88814031649544589     
         505  0.55206863791764049       0.88777132236799305     
         506  0.55194893918172094       0.88740317850470840     
         507  0.55182970583898128       0.88703588720478288     
         508  0.55171093563798634       0.88666945063411395     
         509  0.55159262621337002       0.88630387031172164     
         510  0.55147477523968025       0.88593914778746985     
         511  0.55135738026077485       0.88557528392428664     
         512  0.55124043882777418       0.88521227944587388     
         513  0.55112394843003709       0.88485013469231644     
         514  0.55100790648184761       0.88448884952658413     
         515  0.55089231038030018       0.88412842359659782     
         516  0.55077715747376721       0.88376885620822054     
         517  0.55066244501494188       0.88341014611130764     
         518  0.55054817025428782       0.88305229190417933     
         519  0.55043433037238831       0.88269529175578965     
         520  0.55032092251130538       0.88233914351896459     
         521  0.55020794372816106       0.88198384455690015     
         522  0.55009539107586358       0.88162939206384250     
         523  0.54998326151897436       0.88127578273518037     
         524  0.54987155200860915       0.88092301305785714     
         525  0.54976025941455298       0.88057107904745113     
         526  0.54964938056935631       0.88021997642093319     
         527  0.54953891228249263       0.87986970065295311     
         528  0.54942885127265118       0.87952024672130480     
         529  0.54931919426268783       0.87917160946412098     
         530  0.54920993789820083       0.87882378327679145     
         531  0.54910107880988701       0.87847676235174232     
         532  0.54899261355090989       0.87813054042643834     
         533  0.54888453869143727       0.87778511117633329     
         534  0.54877685071691251       0.87744046779697960     
         535  0.54866954610691088       0.87709660333393757     
         536  0.54856262131625733       0.87675351058395024     
         537  0.54845607273760533       0.87641118199676726     
         538  0.54834989677185542       0.87606960989049720     
         539  0.54824408979042993       0.87572878636369600     
         540  0.54813864812963486       0.87538870324542251     
         541  0.54803356812293935       0.87504935222557167     
         542  0.54792884611443260       0.87471072493819113     
         543  0.54782447836653880       0.87437281254005483     
         544  0.54772046121636686       0.87403560641536704     
         545  0.54761679093705684       0.87369909754516784     
         546  0.54751346384780808       0.87336327701054173     
         547  0.54741047624420447       0.87302813568841720     
         548  0.54730782442804182       0.87269366436473628     
         549  0.54720550473967156       0.87235985390602377     
         550  0.54710351349301034       0.87202669495217311     
         551  0.54700184705903543       0.87169417829998208     
         552  0.54690050183570715       0.87136229475216154     
         553  0.54679947419102015       0.87103103490843470     
         554  0.54669876059635192       0.87070038969800501     
         555  0.54659835752226960       0.87037034998102580     
         556  0.54649826146117730       0.87004090660145583     
         557  0.54639846900416245       0.86971205075360625     
         558  0.54629897672817873       0.86938377349055074     
         559  0.54619978130268365       0.86905606617490783     
         560  0.54610087942321195       0.86872892020219161     
         561  0.54600226786653705       0.86840232725726851     
         562  0.54590394346669746       0.86807627916769114     
         563  0.54580590311876531       0.86775076797909600     
         564  0.54570814376445298       0.86742578585142893     
         565  0.54561066246783019       0.86710132541825480     
         566  0.54551345632594528       0.86677737937835808     
         567  0.54541652253075412       0.86645394077609805     
         568  0.54531985834529206       0.86613100291753808     
         569  0.54522346113592735       0.86580855947424318     
         570  0.54512732832037025       0.86548660429114899     
         571  0.54503145746327286       0.86516513180863919     
         572  0.54493584613165102       0.86484413640074509     
         573  0.54484049208240359       0.86452361322675653     
         574  0.54474539309521564       0.86420355749106659     
         575  0.54465054708348015       0.86388396493539465     
         576  0.54455595201572138       0.86356483149461283     
         577  0.54446160603984317       0.86324615383218017     
         578  0.54436750727941607       0.86292792847490318     
         579  0.54427365410354889       0.86261015295355914     
         580  0.54418004483386595       0.86229282460295087     
         581  0.54408667801917254       0.86197594165231761     
         582  0.54399355221658718       0.86165950237927491     
         583  0.54390066613169930       0.86134350563977469     
         584  0.54380801855713279       0.86102795066944660     
         585  0.54371560836855282       0.86071283701089052     
         586  0.54362343457340134       0.86039816476839670     
         587  0.54353149622800101       0.86008393422439544     
         588  0.54343979254401364       0.85977014632281201     
         589  0.54334832274582079       0.85945680203007868     
         590  0.54325708623950231       0.85914390309309252     
         591  0.54316608243628672       0.85883145125186988     
         592  0.54307531091047623       0.85851944894532994     
         593  0.54298477124201172       0.85820789861399338     
         594  0.54289446317512691       0.85789680339911911     
         595  0.54280438643974449       0.85758616637697205     
         596  0.54271454095472849       0.85727599139926858     
         597  0.54262492659613315       0.85696628216646653     
         598  0.54253554340517374       0.85665704304333590     
         599  0.54244639141315609       0.85634827836025429     
         600  0.54235747078098584       0.85603999300569578     
         601  0.54226878167483039       0.85573219186225447     
         602  0.54218032434480790       0.85542488018781226     
         603  0.54209209909145617       0.85511806344142327     
         604  0.54200410625994322       0.85481174726705056     
         605  0.54191634623410423       0.85450593746985293     
         606  0.54182881943832184       0.85420064003030316     
         607  0.54174152634343331       0.85389586111591798     
         608  0.54165446744556844       0.85359160699168346     
         609  0.54156764327031404       0.85328788405826073     
         610  0.54148105436905225       0.85298469880572303     
         611  0.54139470132150891       0.85268205784771656     
         612  0.54130858468239185       0.85237996768114743     
         613  0.54122270509245962       0.85207843515742332     
         614  0.54113706311667398       0.85177746681810329     
         615  0.54105165941578037       0.85147706957056291     
         616  0.54096649455828505       0.85117724995195809     
         617  0.54088156918687869       0.85087801477744107     
         618  0.54079688389271197       0.85057937065722555     
         619  0.54071243927057533       0.85028132418885671     
         620  0.54062823589925502       0.84998388188748109     
         621  0.54054427437583530       0.84968705034312264     
         622  0.54046055519070402       0.84939083566897389     
         623  0.54037707891714981       0.84909524431562389     
         624  0.54029384604007080       0.84880028234251625     
         625  0.54021085700887073       0.84850595563222597     
         626  0.54012811230578928       0.84821227020148116     
         627  0.54004561229837833       0.84791923155025006     
         628  0.53996335737496071       0.84762684523587950     
         629  0.53988134785563524       0.84733511652437177     
         630  0.53979958406168715       0.84704405064816446     
         631  0.53971806622443896       0.84675365243578238     
         632  0.53963679455226210       0.84646392658197644     
         633  0.53955576920909731       0.84617487758709808     
         634  0.53947499032664825       0.84588650977500801     
         635  0.53939445797619112       0.84559882716874135     
         636  0.53931417214342059       0.84531183342852279     
         637  0.53923413284923805       0.84502553230716204     
         638  0.53915433998546214       0.84473992698066536     
         639  0.53907479344267673       0.84445502060223521     
         640  0.53899549302218497       0.84417081589810761     
         641  0.53891643851908511       0.84388731553045471     
         642  0.53883762962336790       0.84360452169552524     
         643  0.53875906602186285       0.84332243652242300     
         644  0.53868074732924009       0.84304106180805016     
         645  0.53860267309820509       0.84276039904507183     
         646  0.53852484285928326       0.84248044958617463     
         647  0.53844725605668831       0.84220121439918993     
         648  0.53836991212823437       0.84192269435746914     
         649  0.53829281041556531       0.84164488991399766     
         650  0.53821595024781965       0.84136780140875123     
         651  0.53813933091026034       0.84109142895895583     
         652  0.53806295160216966       0.84081577228146132     
         653  0.53798681151527405       0.84054083101900501     
         654  0.53791090980942913       0.84026660463448222     
         655  0.53783524555447038       0.83999309216715234     
         656  0.53775981780117021       0.83972029253844083     
         657  0.53768462559399022       0.83944820458652791     
         658  0.53760966789177855       0.83917682677566285     
         659  0.53753494363030685       0.83890615739598562     
         660  0.53746045174696500       0.83863619471494999     
         661  0.53738619108512053       0.83836693658296846     
         662  0.53731216051456343       0.83809838087978550     
         663  0.53723835884707194       0.83783052522849710     
         664  0.53716478485096808       0.83756336702531153     
         665  0.53709143731158782       0.83729690367737097     
         666  0.53701831495383190       0.83703113231639892     
         667  0.53694541650517369       0.83676605004379956     
         668  0.53687274065257862       0.83650165373687069     
         669  0.53680028607868735       0.83623794022983888     
         670  0.53672805144353963       0.83597490621117543     
         671  0.53665603538882345       0.83571254826467511     
         672  0.53658423654107124       0.83545086286643533     
         673  0.53651265354192401       0.83518984652494144     
         674  0.53644128497896215       0.83492949547295248     
         675  0.53637012946350093       0.83466980602608076     
         676  0.53629918559740009       0.83441077441020961     
         677  0.53622845197069857       0.83415239677377828     
         678  0.53615792715618893       0.83389466915730759     
         679  0.53608760975889624       0.83363758770840402     
         680  0.53601749834095969       0.83338114836402866     
         681  0.53594759151421090       0.83312534721875831     
         682  0.53587788784176360       0.83287018017208403     
         683  0.53580838594508029       0.83261564330207161     
         684  0.53573908438724849       0.83236173242923495     
         685  0.53566998179910230       0.83210844363278824     
         686  0.53560107677048352       0.83185577278489642     
         687  0.53553236794640835       0.83160371597197902     
         688  0.53546385391889040       0.83135226903792780     
         689  0.53539553334748158       0.83110142805162002     
         690  0.53532740489249753       0.83085118911565370     
         691  0.53525946719588924       0.83060154818753640     
         692  0.53519171895396600       0.83035250145434192     
         693  0.53512415884885212       0.83010404501670798     
         694  0.53505678557059988       0.82985617498156028     
         695  0.53498959785742473       0.82960888765714069     
         696  0.53492259443723356       0.82936217927006228     
         697  0.53485577407839768       0.82911604620001866     
         698  0.53478913551353846       0.82887048467833957     
         699  0.53472267757197589       0.82862549130234475     
         700  0.53465639904611950       0.82838106251842414     
         701  0.53459029873674013       0.82813719477167758     
         702  0.53452437551722054       0.82789388482111514     
         703  0.53445862822125267       0.82765112922574302     
         704  0.53439305577019902       0.82740892490751283     
         705  0.53432765701047569       0.82716726846371524     
         706  0.53426243089119496       0.82692615690204385     
         707  0.53419737635950859       0.82668558721833052     
         708  0.53413249234314941       0.82644555631062877     
         709  0.53406777784861870       0.82620606140799402     
         710  0.53400323185258280       0.82596709958109393     
         711  0.53393885337480407       0.82572866808906509     
         712  0.53387464146081665       0.82549076429816859     
         713  0.53381059515487339       0.82525338554351557     
         714  0.53374671354098380       0.82501652931215119     
         715  0.53368299570253441       0.82478019311181383     
         716  0.53361944074403334       0.82454437450071250     
         717  0.53355604782264332       0.82430907126803266     
         718  0.53349281604872179       0.82407428098940749     
         719  0.53342974462522408       0.82384000162876680     
         720  0.53336683272418817       0.82360623101256625     
         721  0.53330407951495795       0.82337296695488660     
         722  0.53324148427415974       0.82314020769820739     
         723  0.53317904617938072       0.82290795108290349     
         724  0.53311676451556422       0.82267619538700609     
         725  0.53305463854200252       0.82244493876686198     
         726  0.53299266754636121       0.82221417950450215     
         727  0.53293085081754055       0.82198391588673525     
         728  0.53286918766123748       0.82175414624805421     
         729  0.53280767744772983       0.82152486920435996     
         730  0.53274631944683515       0.82129608294331025     
         731  0.53268511307168642       0.82106778624287480     
         732  0.53262405768379106       0.82083997766425187     
         733  0.53256315265345344       0.82061265581322174     
         734  0.53250239736185268       0.82038581931031151     
         735  0.53244179124331337       0.82015946702059106     
         736  0.53238133368801988       0.81993359761457196     
         737  0.53232102416020166       0.81970821005294670     
         738  0.53226086207532308       0.81948330311297635     
         739  0.53220084689134284       0.81925887572598088     
         740  0.53214097805823413       0.81903492679990619     
         741  0.53208125507079773       0.81881145542262401     
         742  0.53202167738901696       0.81858846052163015     
         743  0.53196224451995466       0.81836594124023465     
         744  0.53190295594966197       0.81814389661368170     
         745  0.53184381120378166       0.81792232583278368     
         746  0.53178480975102704       0.81770122787399557     
         747  0.53172595119065469       0.81748060222866736     
         748  0.53166723498507851       0.81726044782683016     
         749  0.53160866071060131       0.81704076406746384     
         750  0.53155022790037076       0.81682155015975477     
         751  0.53149193609845202       0.81660280536438634     
         752  0.53143378488115323       0.81638452907065062     
         753  0.53137577379633116       0.81616672054361650     
         754  0.53131790241580734       0.81594937913462484     
         755  0.53126017033275297       0.81573250430128330     
         756  0.53120257710266539       0.81551609532112634     
         757  0.53114512231966249       0.81530015163754399     
         758  0.53108780559280910       0.81508467275399055     
         759  0.53103062648780974       0.81486965798229938     
         760  0.53097358462441613       0.81465510685867193     
         761  0.53091667959259925       0.81444101879286834     
         762  0.53085991101249996       0.81422739331822025     
         763  0.53080327849171949       0.81401422989704575     
         764  0.53074678163474187       0.81380152799863992     
         765  0.53069042007623490       0.81358928718993750     
         766  0.53063419342328300       0.81337750692717847     
         767  0.53057810130780503       0.81316618678069885     
         768  0.53052214336934622       0.81295532630886980     
         769  0.53046631921003584       0.81274492496722073     
         770  0.53041062850850651       0.81253498246815847     
         771  0.53035507083710709       0.81232549810809096     
         772  0.53029964589189404       0.81211647168824430     
         773  0.53024435328222153       0.81190790264743351     
         774  0.53018919267139286       0.81169979062947939     
         775  0.53013416368410471       0.81149213513008711     
         776  0.53007926597853361       0.81128493576449245     
         777  0.53002449923029205       0.81107819223448441     
         778  0.52996986303163096       0.81087190387615460     
         779  0.52991535709481452       0.81066607050612505     
         780  0.52986098103088008       0.81046069155694722     
         781  0.52980673453663485       0.81025576675973698     
         782  0.52975261723830247       0.81005129559590661     
         783  0.52969862880810770       0.80984727769657061     
         784  0.52964476892056467       0.80964371272036095     
         785  0.52959103721711664       0.80944060016662733     
         786  0.52953743338181436       0.80923793972418345     
         787  0.52948395707870444       0.80903573097387371     
         788  0.52943060795096353       0.80883397342629038     
         789  0.52937738570956960       0.80863266683906576     
         790  0.52932428998475789       0.80843181065626224     
         791  0.52927132049297154       0.80823140466910071     
         792  0.52921847685860646       0.80803144827105422     
         793  0.52916575879514505       0.80783194122960167     
         794  0.52911316596875613       0.80763288310432624     
         795  0.52906069802478473       0.80743427336409135     
         796  0.52900835470987151       0.80723611190055844     
         797  0.52895613563183352       0.80703839801037580     
         798  0.52890404053536166       0.80684113156525472     
         799  0.52885206903147297       0.80664431187033869     
         800  0.52880022087770473       0.80644793883514543     
         801  0.52874849571210147       0.80625201186147544     
         802  0.52869689322859226       0.80605653059969962     
         803  0.52864541313709013       0.80586149472071633     
         804  0.52859405507670798       0.80566690365072535     
         805  0.52854281880212906       0.80547275723190281     
         806  0.52849170395738909       0.80527905489219676     
         807  0.52844071024228711       0.80508579624442822     
         808  0.52838983735458445       0.80489298091929729     
         809  0.52833908499562965       0.80470060854803394     
         810  0.52828845284872106       0.80450867865674203     
         811  0.52823794061204055       0.80431719087858766     
         812  0.52818754799285317       0.80412614482784928     
         813  0.52813727467258409       0.80393554003602219     
         814  0.52808712036795669       0.80374537616348141     
         815  0.52803708477900613       0.80355565280592112     
         816  0.52798716758933573       0.80336636947909013     
         817  0.52793736852131767       0.80317752585120927     
         818  0.52788768725842217       0.80298912143025036     
         819  0.52783812353226556       0.80280115591749213     
         820  0.52778867704003141       0.80261362886100118     
         821  0.52773934747313778       0.80242653979067924     
         822  0.52769013455115543       0.80223988832541615     
         823  0.52764103799477247       0.80205367411176709     
         824  0.52759205748303972       0.80186789660639535     
         825  0.52754319277250239       0.80168255557171997     
         826  0.52749444354029262       0.80149765045327614     
         827  0.52744580950863085       0.80131318086515224     
         828  0.52739729040213079       0.80112914642044475     
         829  0.52734888593394724       0.80094554671557694     
         830  0.52730059579159272       0.80076238118711096     
         831  0.52725241973070502       0.80057964958370254     
         832  0.52720435747085492       0.80039735147595459     
         833  0.52715640869557989       0.80021548630405870     
         834  0.52710857315674453       0.80003405376030545     
         835  0.52706085056952212       0.79985305340355395     
         836  0.52701324064221233       0.79967248474414365     
         837  0.52696574310831779       0.79949234739050068     
         838  0.52691835771864204       0.79931264102810073     
         839  0.52687108414766315       0.79913336501675070     
         840  0.52682392215498386       0.79895451905335957     
         841  0.52677687144911167       0.79877610264403220     
         842  0.52672993179417493       0.79859811548382864     
         843  0.52668310286093467       0.79842055690652880     
         844  0.52663638442908045       0.79824342668362991     
         845  0.52658977621323055       0.79806672429852221     
         846  0.52654327793950273       0.79789044930162911     
         847  0.52649688933080352       0.79771460119571613     
         848  0.52645061015111194       0.79753917967610499     
         849  0.52640444011464105       0.79736418421004407     
         850  0.52635837892736792       0.79718961422310264     
         851  0.52631242638175191       0.79701546952042734     
         852  0.52626658217749189       0.79684174947512809     
         853  0.52622084605404695       0.79666845366204508     
         854  0.52617521776532739       0.79649558168396417     
         855  0.52612969701053824       0.79632313291146983     
         856  0.52608428357948056       0.79615110711330661     
         857  0.52603897717998660       0.79597950368011172     
         858  0.52599377755623855       0.79580832216447206     
         859  0.52594868444255738       0.79563756207755953     
         860  0.52590369759114008       0.79546722297261907     
         861  0.52585881674935919       0.79529730442245650     
         862  0.52581404164504453       0.79512780588201237     
         863  0.52576937201393759       0.79495872682822011     
         864  0.52572480761870954       0.79479006686449960     
         865  0.52568034821135456       0.79462182554880179     
         866  0.52563599349511780       0.79445400220914508     
         867  0.52559174323304181       0.79428659642714139     
         868  0.52554759720061794       0.79411960783642221     
         869  0.52550355510639291       0.79395303577778065     
         870  0.52545961671247965       0.79378687982948681     
         871  0.52541578174358616       0.79362113937808076     
         872  0.52537204999595977       0.79345581412519994     
         873  0.52532842115225864       0.79329090329225338     
         874  0.52528489500766939       0.79312640654911981     
         875  0.52524147127935483       0.79296232326246219     
         876  0.52519814974679102       0.79279865302969377     
         877  0.52515493013658376       0.79263539522096238     
         878  0.52511181219619418       0.79247254931966404     
         879  0.52506879568385312       0.79231011481139002     
         880  0.52502588035650066       0.79214809119165441     
         881  0.52498306592223454       0.79198647774682640     
         882  0.52494035218062496       0.79182527413692161     
         883  0.52489773886167312       0.79166447971298015     
         884  0.52485522569743004       0.79150409385499665     
         885  0.52481281248588540       0.79134411620312617     
         886  0.52477049891679417       0.79118454592660470     
         887  0.52472828479021216       0.79102538266254907     
         888  0.52468616983384853       0.79086662574869837     
         889  0.52464415378875096       0.79070827455728665     
         890  0.52460223642614223       0.79055032859266983     
         891  0.52456041749439020       0.79039278725001938     
         892  0.52451869674473628       0.79023564993893425     
         893  0.52447707391265774       0.79007891600020930     
         894  0.52443554876459153       0.78992258488595890     
         895  0.52439412105636951       0.78976665601320950     
         896  0.52435279050921646       0.78961112863373195     
         897  0.52431155692525433       0.78945600235140245     
         898  0.52427042000132407       0.78930127631412461     
         899  0.52422937952568838       0.78914695004588298     
         900  0.52418843524924430       0.78899302290938056     
         901  0.52414758689658369       0.78883949415966692     
         902  0.52410683424472215       0.78868636326555286     
         903  0.52406617703981695       0.78853362954250261     
         904  0.52402561503494882       0.78838129235152454     
         905  0.52398514796440065       0.78822935097211988     
         906  0.52394477559388553       0.78807780478784384     
         907  0.52390449769536440       0.78792665322593847     
         908  0.52386431397554567       0.78777589541954174     
         909  0.52382422421471264       0.78762553081506825     
         910  0.52378422817214698       0.78747555877226549     
         911  0.52374432558173467       0.78732597851387853     
         912  0.52370451618510483       0.78717678931013046     
         913  0.52366479977367475       0.78702799064243079     
         914  0.52362517605511449       0.78687958161583671     
         915  0.52358564481704895       0.78673156167376401     
         916  0.52354620577911737       0.78658392997321069     
         917  0.52350685871893199       0.78643668590506677     
         918  0.52346760337806786       0.78628982871323505     
         919  0.52342843950209006       0.78614335763845877     
         920  0.52338936684511483       0.78599727195770919     
         921  0.52335038516267796       0.78585157096153546     
         922  0.52331149419752465       0.78570625387485993     
         923  0.52327269372080520       0.78556132001098189     
         924  0.52323398346727767       0.78541676857681897     
         925  0.52319536320242688       0.78527259885842315     
         926  0.52315683264034107       0.78512880994300616     
         927  0.52311839158014095       0.78498540126958938     
         928  0.52308003976730688       0.78484237204025165     
         929  0.52304177690116893       0.78469972125733933     
         930  0.52300360280784286       0.78455744845909092     
         931  0.52296551718586759       0.78441555264376672     
         932  0.52292751979075081       0.78427403303408560     
         933  0.52288961042472382       0.78413288904759426     
         934  0.52285178877583949       0.78399211962250093     
         935  0.52281405465045316       0.78385172419569304     
         936  0.52277640774265877       0.78371170170829352     
         937  0.52273884784382718       0.78357205152097886     
         938  0.52270137473101830       0.78343277291636304     
         939  0.52266398808816605       0.78329386480216301     
         940  0.52262668772096166       0.78315532657989795     
         941  0.52258947337648376       0.78301715739824784     
         942  0.52255234480602586       0.78287935641507134     
         943  0.52251530175028849       0.78274192276563870     
         944  0.52247834395492543       0.78260485556841852     
         945  0.52244147120766271       0.78246815413064963     
         946  0.52240468326507927       0.78233181762079351     
         947  0.52236797983772632       0.78219584502125772     
         948  0.52233136071757680       0.78206023563617677     
         949  0.52229482566338192       0.78192498862669257     
         950  0.52225837440137735       0.78179010302904994     
         951  0.52222200671909069       0.78165557811424791     
         952  0.52218572237085270       0.78152141301885880     
         953  0.52214952110376101       0.78138760685972519     
         954  0.52211340266600614       0.78125415870734782     
         955  0.52207736683989403       0.78112106783114210     
         956  0.52204141338598231       0.78098833336722806     
         957  0.52200554205823591       0.78085595442612887     
         958  0.52196975258856249       0.78072393002916851     
         959  0.52193404479466354       0.78059225955371059     
         960  0.52189841840770335       0.78046094199781335     
         961  0.52186287318135716       0.78032997646954416     
         962  0.52182740890872148       0.78019936222215769     
         963  0.52179202532134772       0.78006909825092752     
         964  0.52175672223044256       0.77993918389087868     
         965  0.52172149936612189       0.77980961813010030     
         966  0.52168635649628481       0.77968040009112094     
         967  0.52165129341002903       0.77955152901833946     
         968  0.52161630988532115       0.77942300407714682     
         969  0.52158140563782895       0.77929482417056162     
         970  0.52154658052633684       0.77916698882692670     
         971  0.52151183423919034       0.77903949681347417     
         972  0.52147716660889887       0.77891234753796768     
         973  0.52144257738351840       0.77878554001710998     
         974  0.52140806634969328       0.77865907345848817     
         975  0.52137363329779474       0.77853294705466447     
         976  0.52133927798451363       0.77840715987909592     
         977  0.52130500019148085       0.77828171108045441     
         978  0.52127079972212453       0.77815659991841857     
         979  0.52123667636073334       0.77803182555910955     
         980  0.52120262987166666       0.77790738707955931     
         981  0.52116866005062579       0.77778328369819949     
         982  0.52113476667225889       0.77765951452081117     
         983  0.52110094958540265       0.77753607898930577     
         984  0.52106720850501853       0.77741297596445713     
         985  0.52103354328604334       0.77729020488989864     
         986  0.52099995365358343       0.77716776467060622     
         987  0.52096643950684129       0.77704565493361832     
         988  0.52093300055200886       0.77692387450057177     
         989  0.52089963663698713       0.77680242278247114     
         990  0.52086634756795469       0.77668129899973970     
         991  0.52083313310616142       0.77656050222003037     
         992  0.52079999311580794       0.77644003189156341     
         993  0.52076692736182972       0.77631988707580279     
         994  0.52073393567935788       0.77620006712852796     
         995  0.52070101788030732       0.77608057128193375     
         996  0.52066817376199570       0.77596139873937220     
         997  0.52063540317071755       0.77584254886828363     
         998  0.52060270590363211       0.77572402086796433     
         999  0.52057008178366737       0.77560581401952855     
        1000  0.52053753066312036       0.77548792771691732     
