  0.47554921975578135       0.45605530965886787     
  0.47319154999605451       0.43111268846732315     
  0.47533078624154468       0.42872098025012673     
  0.47969047329361425       0.35703631068874120     
  0.47043715458528401       0.37423692160855471     
  0.47553216557840061       0.39003371199561143     
  0.47210437633972502       0.43015737626044459     
  0.46667491165263286       0.30316132156513093     
  0.47674536086457586       0.42179120704551182     
  0.47503806181698821       0.37283763249160706     
  0.47651358932098858       0.37853001259323976     
  0.47386140670949939       0.42514813544575358     
  0.47150585570574977       0.40909022090433556     
  0.47153372077850891       0.41025841010431158     
  0.47746376017149800       0.38880679867754059     
  0.48149127495185307       0.38594806407448146     
  0.45646382650370171        8.1182655067778761E-002
  0.48319959624450881       0.42726111376816628     
  0.48423337550154422       0.40689554819850460     
  0.47364501606663295       0.37855414799725662     
  0.48321461442415081       0.41431732712330144     
  0.47363606254028862       0.38272226322444169     
  0.47501747403772138       0.42985061079534909     
  0.47330141807006293       0.43741536030903960     
  0.46676224654129583       0.36864932537578088     
  0.47286980592907629       0.39524755884649865     
  0.47457005711423866       0.35482129863877587     
  0.46907943289309939       0.37871534625635328     
  0.47171361779640447       0.41752538962369845     
  0.47273831094859220       0.41906758151217044     
  0.47832089357788310       0.44162483531889379     
  0.47689610551519662       0.36212136620809088     
  0.47640602404875099       0.43621965425080794     
  0.46344629429822981       0.38792946096215963     
  0.48627419166183417       0.40005074983982253     
  0.47650627594171163       0.36946000178053529     
  0.47391177503534387       0.41573301886867153     
  0.47615597812869348       0.40573993991766488     
  0.46969187348996444       0.40486129231344531     
  0.48272875025909534       0.39864594401030296     
  0.47605062576753476       0.42806310668005709     
  0.47432291132818377       0.36061122404390505     
  0.47602318219073003       0.39793636521613557     
  0.47889889898835186       0.42597641519693125     
  0.47795987663708744       0.40214678534698711     
  0.47650241744281285       0.35850103485465135     
  0.47781951740600997       0.37136355451150349     
  0.47237868486659063       0.43105307723760877     
  0.46060658175391578       0.22827467405527979     
  0.46840398810901324       0.38185115384955332     
  0.48740724939435953       0.38487316841969166     
  0.46604532537365551        9.9370200579577725E-002
  0.45589623001785612       0.12058944843041403     
  0.47381810698355376       0.43975366140267969     
  0.47608367229883458       0.37559516534294829     
  0.47854262736693159       0.45590878092042819     
  0.46313641167870928       0.24048889263152781     
  0.46545924205129557       0.33929428060578343     
  0.47798954056538195       0.39480921351162934     
  0.47539461572623454       0.42739101043021971     
  0.46817973646265681       0.37419041766932659     
  0.48801301202776398       0.42407408812770875     
  0.48892751740200430       0.43402152253973775     
  0.46212560325869856       0.16625140908790892     
  0.47578292749545725       0.37992990122178549     
  0.47456225058907203       0.42865582381120543     
  0.47854372077430718       0.42254519857522976     
  0.46909276592164745       0.39423969351762861     
  0.47869229334344499       0.39462884207913940     
  0.47881417944045174       0.39060505615156005     
