0.024793 0.291585 0.070079 -0.730934 0.288260 -0.070915 0.802861 -0.048418 0.015000 9.107511 -59.655561
0.024793 0.291585 0.070079 -0.730934 0.310377 -0.070915 0.802861 -0.048418 0.015000 9.107511 -59.655561
0.024793 0.276492 0.070079 -0.730934 0.310377 -0.070915 0.802861 -0.048418 0.015000 8.130105 -59.655561
0.024793 0.291585 0.070079 -0.730934 0.310377 -0.075681 0.802861 -0.048418 0.015000 8.130105 -59.655561
0.024793 0.276492 0.070079 -0.754818 0.310377 -0.070915 0.802861 -0.048418 0.015000 10.682929 -59.655561
0.024793 0.291585 0.070079 -0.730934 0.311005 -0.070915 0.613286 -0.048418 0.015000 9.107511 -59.655561
0.024793 0.276492 0.070079 -0.754818 0.310377 -0.070915 0.802861 -0.048418 0.015000 10.682929 -59.655561
0.024793 0.291585 0.070079 -0.754818 0.320930 -0.070915 0.802861 -0.013222 0.015000 8.130105 -59.655561
0.024793 0.291585 0.070079 -0.730934 0.310377 -0.070915 0.560012 -0.048418 0.015000 11.588441 -59.655561
0.024793 0.291585 0.070079 -0.435196 0.310377 -0.070915 0.802861 -0.048418 0.015000 8.130105 -0.897877
0.024793 0.276492 0.070225 -0.730934 0.310377 -0.070915 0.802861 -0.048418 0.015000 10.682929 -59.655561
0.024793 0.276492 0.070079 -0.730934 0.310377 -0.070915 0.802861 -0.048418 0.015000 8.130105 -59.655561
0.024793 0.291585 0.070079 -0.730934 0.310377 -0.070915 0.802861 -0.048418 0.015000 10.682929 -59.655561
0.024793 0.291585 0.070079 -0.439924 0.310377 -0.070915 0.802861 -0.048418 0.015000 8.130105 -59.655561
0.024793 0.291585 0.070225 -0.754818 0.310377 -0.070915 0.802861 -0.048418 0.015000 8.130105 -59.655561
0.024793 0.276492 0.070225 -0.730934 0.310377 -0.070915 0.802861 -0.048418 0.015000 8.130105 -59.655561
0.024793 0.276492 0.070079 -0.730934 0.288260 -0.070915 0.802861 0.049296 0.015000 8.130105 -59.655561
0.024793 0.318473 0.070079 -0.730934 0.310377 -0.070915 0.802861 -0.048418 0.015000 8.130105 -59.655561
0.024793 0.276492 0.070225 -0.730934 0.310377 -0.070915 0.802861 -0.048418 0.015000 10.682929 -59.655561
0.024793 0.291585 0.070079 -0.754818 0.310377 -0.070915 0.802861 -0.048418 0.015000 8.130105 -59.655561
0.024793 0.276492 0.070079 -0.730934 0.288260 -0.070915 0.802861 -0.048418 0.015000 9.107511 -59.655561
0.024793 0.276492 0.070079 -0.730934 0.310377 -0.070915 0.802861 -0.048418 0.015000 8.130105 -59.655561
0.024793 0.291585 0.070079 -0.730934 0.310377 -0.070915 0.802861 -0.048418 0.015000 9.107511 -59.655561
0.024793 0.291585 0.070079 -0.730934 0.310377 -0.070915 0.802861 -0.048418 0.015000 9.107511 -59.655561
0.024793 0.276492 0.070079 -0.730934 0.310377 -0.076651 0.802861 -0.048418 0.015000 8.130105 -59.655561
0.024793 0.276492 0.070079 -0.730934 0.310377 -0.070915 0.802861 -0.048418 0.015000 10.682929 -59.655561
0.024793 0.291585 0.070079 -0.730934 0.310377 -0.070915 0.802861 -0.048418 0.015000 8.130105 -59.655561
0.024793 0.291585 0.070079 -0.730934 0.288260 -0.070915 0.802861 -0.048418 0.015000 8.130105 -7.108470
0.024793 0.291585 0.077223 -0.730934 0.310377 -0.070915 0.802861 -0.048418 0.015000 8.130105 -59.655561
0.024793 0.291585 0.070225 -0.730934 0.310377 -0.070915 0.802861 -0.048418 0.015000 8.130105 -59.655561
0.024793 0.276492 0.070079 -0.730934 0.310377 -0.076107 0.802861 -0.048418 0.015000 8.130105 -59.655561
0.024793 0.276492 0.070225 -0.730934 0.310377 -0.070915 0.802861 -0.048418 0.015000 11.491783 -59.655561
0.024793 0.291585 0.070079 -0.730934 0.310377 -0.070915 0.802861 -0.048418 0.015000 9.107511 -52.157239
0.024793 0.291585 0.070079 -0.730934 0.310377 -0.070915 0.802861 -0.048418 0.015000 8.130105 -59.655561
0.024793 0.276492 0.070079 -0.754818 0.310377 -0.070915 0.802861 -0.048418 0.015000 8.130105 -59.655561
0.024793 0.291585 0.070079 -0.754818 0.310377 -0.070915 0.802861 -0.048418 0.015000 8.130105 -59.655561
0.024793 0.291585 0.070225 -0.730934 0.310377 -0.070915 0.802861 -0.048418 0.015000 9.107511 -59.655561
0.024793 0.291585 0.070079 -0.730934 0.310377 -0.070915 0.802861 -0.048418 0.015000 9.107511 -59.655561
0.024793 0.276492 0.070079 -0.730934 0.310377 -0.070915 0.802861 -0.048418 0.015000 8.130105 -59.655561
0.024793 0.291585 0.070225 -0.754818 0.338933 -0.070915 0.802861 -0.048418 0.015000 8.130105 -59.655561
0.024793 0.291585 0.070079 -0.754818 0.310377 -0.070915 0.802861 -0.048418 0.015000 9.107511 -59.655561
0.024793 0.291585 0.070079 -0.730934 0.310377 -0.070915 0.802861 -0.048418 0.015000 8.130105 -59.655561
0.024793 0.276492 0.070079 -0.730934 0.310377 -0.070915 0.802861 -0.048418 0.015000 8.130105 -59.655561
0.024793 0.291585 0.079366 -0.730934 0.310377 -0.070915 0.802861 -0.048418 0.015000 9.107511 -59.655561
0.024793 0.291585 0.070079 -0.730934 0.288260 -0.070915 0.436555 -0.048418 0.015000 8.130105 -59.655561
0.024793 0.291585 0.070079 -0.730934 0.310377 -0.070915 0.802861 -0.048418 0.015000 8.130105 -59.655561
0.024793 0.291585 0.070079 -0.730934 0.310377 -0.070915 0.802861 -0.048418 0.015000 8.130105 -59.655561
0.024793 0.291585 0.070079 -0.730934 0.310377 -0.070915 0.802861 -0.048418 0.015000 8.130105 -59.655561
0.024793 0.291585 0.070079 -0.730934 0.310377 -0.078959 0.802861 0.007839 0.015000 9.107511 -59.655561
0.024793 0.276492 0.070079 -0.730934 0.310377 -0.070915 0.802861 -0.048418 0.015000 8.130105 -59.655561
0.024793 0.276492 0.070079 -0.730934 0.310377 -0.070915 0.802861 -0.048418 0.015000 8.130105 -59.655561
0.024793 0.291585 0.070079 -0.754818 0.310377 -0.070915 0.802861 0.046582 0.015000 8.130105 0.737024
0.024793 0.291585 0.070079 -0.754818 0.302163 -0.070915 0.802861 0.038660 0.015000 9.107511 -59.655561
0.024793 0.291585 0.070079 -0.754818 0.310377 -0.070915 0.582191 -0.048418 0.015000 8.130105 -59.655561
0.024793 0.276492 0.070079 -0.730934 0.288260 -0.070915 0.802861 -0.048418 0.015000 8.130105 -59.655561
0.024793 0.276492 0.070079 -0.730934 0.310377 -0.070915 0.802861 -0.048418 0.015000 8.130105 -59.655561
0.024793 0.276492 0.070225 -0.730934 0.310377 -0.070915 0.802861 0.004224 0.015000 8.130105 -59.655561
0.024793 0.291585 0.070225 -0.730934 0.310377 -0.070915 0.802861 -0.019440 0.015000 9.107511 -59.655561
0.024793 0.291585 0.070079 -0.730934 0.310377 -0.070915 0.802861 -0.048418 0.015000 9.107511 -59.655561
0.024793 0.276492 0.070225 -0.730934 0.310377 -0.070915 0.802861 -0.048418 0.015000 10.682929 -59.655561
0.024793 0.291585 0.070079 -0.730934 0.332515 -0.070915 0.802861 -0.048418 0.015000 8.130105 -59.655561
0.024793 0.291585 0.070079 -0.730934 0.310377 -0.070915 0.457090 -0.048418 0.015000 8.130105 53.483778
0.024793 0.276492 0.070225 -0.754818 0.310377 -0.070915 0.802861 -0.048418 0.015000 8.130105 -59.655561
0.024793 0.291585 0.070079 -0.730934 0.310377 -0.070915 0.802861 0.030360 0.015000 8.130105 -59.655561
0.024793 0.276492 0.070079 -0.730934 0.310377 -0.070915 0.802861 -0.048418 0.015000 8.130105 -59.655561
0.024793 0.291585 0.070079 -0.730934 0.310377 -0.070915 0.802861 -0.048418 0.015000 10.682929 -59.655561
0.024793 0.276492 0.077037 -0.754818 0.290568 -0.070915 0.802861 -0.048418 0.015000 8.130105 -59.655561
0.024793 0.291585 0.070079 -0.730934 0.310377 -0.070915 0.802861 -0.048418 0.015000 9.107511 -59.655561
0.024793 0.291585 0.070079 -0.754818 0.310377 -0.070915 0.802861 -0.048418 0.015000 8.130105 -59.655561
0.024793 0.276492 0.070079 -0.730934 0.310377 -0.070915 0.802861 -0.048418 0.015000 8.130105 -59.655561
